V1	V2	V3	V4	V5	V6	V7	V8	V9	V10	V11	V12	V13	V14	V15	V16
cell_623	0	4	0	0	0	0	0	0	0	0	0	0	0	2	0	0
cell_809	2	0	0	0	0	4	2	0	14	0	0	0	0	2	0	0
cell_26	2	0	0	0	0	0	0	0	0	4	0	0	0	0	0	0
cell_882	0	10	0	0	8	4	2	0	0	5	0	0	0	2	0	0
cell_361	3	5	3	0	4	2	8	0	0	13	0	2	3	2	0	0
cell_720	2	0	0	2	0	2	0	0	0	2	2	0	5	0	0	0
cell_685	2	0	0	93	0	0	0	0	0	0	11	0	0	5	0	2
cell_596	0	4	0	0	0	0	0	0	0	0	0	0	2	0	9	0
cell_69	0	0	0	5	0	0	0	0	0	0	8	3	0	0	2	0
cell_88	0	0	0	5	0	0	0	7	0	0	0	3	3	2	0	0
cell_510	0	0	3	3	0	2	0	0	0	2	0	0	0	2	0	2
cell_259	0	0	3	0	8	2	3	2	0	0	0	0	0	2	0	5
cell_249	0	0	0	0	0	0	0	0	0	0	0	0	0	0	0	0
cell_839	0	10	0	0	8	4	2	0	0	0	0	0	0	2	0	20
cell_203	0	0	2	0	0	0	2	0	0	0	0	0	0	0	0	2
cell_20	0	2	0	0	0	0	0	0	0	4	0	0	0	0	0	0
cell_921	0	0	2	5	0	0	2	0	0	0	0	0	0	2	0	0
cell_511	0	0	3	3	0	2	0	0	0	2	0	0	0	2	0	2
cell_513	0	4	0	0	0	0	5	0	0	0	0	4	0	0	0	0
cell_785	2	2	0	0	0	4	2	2	0	2	0	0	0	2	0	0
cell_10	2	0	0	7	0	0	0	0	19	4	0	0	2	0	0	0
cell_135	3	3	0	4	0	0	0	0	65	0	2	0	0	0	0	5
cell_461	0	0	3	0	0	2	0	8	0	0	0	0	2	2	2	0
cell_573	0	4	0	8	0	0	0	0	0	0	0	2	2	0	0	0
cell_287	0	0	3	0	0	2	2	0	0	0	2	0	0	2	0	5
cell_410	0	2	3	0	0	2	0	0	3	0	0	2	0	2	0	0
cell_936	4	0	0	5	0	0	2	0	0	0	0	0	2	2	0	4
cell_221	0	2	2	2	0	0	0	0	0	0	5	0	0	0	0	2
cell_635	0	4	0	2	0	0	10	2	0	0	0	2	0	0	0	0
cell_199	0	0	2	0	0	0	2	0	0	0	0	0	2	0	0	2
cell_523	0	4	0	0	0	0	0	0	0	0	0	3	0	0	0	0
cell_759	2	2	5	2	0	0	0	0	0	0	0	0	0	0	0	3
cell_616	0	4	0	5	0	0	0	0	0	0	0	0	0	2	0	0
cell_1001	2	2	0	0	5	0	2	0	0	0	2	12	2	2	0	0
cell_234	0	0	0	0	0	0	0	0	0	0	0	0	0	2	0	0
cell_642	2	0	0	0	0	0	3	0	0	2	0	0	4	0	4	2
cell_597	0	4	0	0	0	0	0	0	2	0	0	0	0	3	9	0
cell_63	0	0	2	0	0	0	0	0	0	2	0	0	0	0	0	2
cell_848	0	10	0	0	8	4	2	0	0	0	0	0	0	2	0	0
cell_32	0	0	0	0	0	0	0	0	0	4	0	5	0	0	0	0
cell_969	0	0	0	0	0	0	2	0	2	0	21	0	0	2	0	0
cell_991	2	0	0	0	0	0	2	0	0	0	5	3	0	2	0	0
cell_120	0	0	0	5	0	0	0	0	0	0	2	0	0	0	0	0
cell_47	0	2	0	2	0	0	0	5	0	2	0	0	2	0	0	0
cell_378	0	0	3	2	3	2	8	2	0	0	0	0	0	2	3	0
cell_646	2	0	0	0	0	0	3	9	0	0	0	0	0	0	4	2
cell_55	0	0	0	0	2	2	0	0	0	0	0	0	0	0	0	0
cell_114	0	0	0	5	0	0	0	0	0	0	2	0	0	0	0	0
cell_1011	0	0	0	0	5	0	2	0	26	0	0	12	2	2	0	0
cell_565	0	4	0	2	0	0	0	2	0	0	0	0	0	0	2	0
cell_233	0	0	0	0	0	0	0	0	0	0	0	0	0	2	0	0
cell_827	2	0	56	0	0	4	2	0	0	0	9	0	5	2	0	0
cell_146	0	0	0	4	0	0	0	0	0	2	5	0	5	0	3	0
cell_129	3	0	3	4	0	0	0	0	0	0	2	0	0	0	0	0
cell_545	4	4	0	0	0	0	0	0	0	0	2	0	0	0	0	2
cell_702	2	0	0	0	0	0	0	0	3	0	0	0	2	5	0	2
cell_560	0	4	0	0	0	0	0	0	0	0	0	2	0	0	0	0
cell_301	4	2	3	0	0	2	0	0	0	0	0	0	2	2	0	0
cell_117	0	0	0	5	0	0	0	0	0	0	2	0	0	0	0	0
cell_415	0	0	3	5	5	2	0	0	3	4	0	2	0	2	0	0
cell_476	0	0	3	0	2	2	0	0	0	0	3	0	8	2	0	0
cell_449	0	0	3	0	0	2	2	0	0	0	0	0	2	2	0	2
cell_307	0	0	3	2	0	2	0	0	0	0	0	0	0	2	0	0
cell_617	0	4	0	0	0	0	0	0	0	0	0	3	0	2	0	0
cell_823	2	2	0	0	0	4	2	5	4	0	4	0	5	2	0	0
cell_938	0	0	0	5	0	0	2	0	0	0	0	0	0	2	0	4
cell_434	0	14	3	0	2	2	0	2	0	0	0	0	0	2	5	0
cell_463	0	0	3	0	0	2	0	8	0	0	0	0	2	2	0	0
cell_115	0	0	0	5	0	0	0	0	0	0	2	0	0	0	0	0
cell_620	0	4	0	0	0	0	0	0	0	0	0	3	0	2	0	0
cell_704	2	0	0	0	0	0	0	0	3	0	0	0	0	5	0	2
cell_470	0	2	3	0	2	2	0	0	0	0	0	0	2	2	0	0
cell_797	0	0	0	0	0	4	2	0	0	2	0	0	0	2	0	0
cell_367	0	0	3	0	4	2	8	0	0	13	0	2	2	2	0	0
cell_514	0	4	0	0	0	0	5	0	0	0	0	4	0	0	0	0
cell_45	0	0	0	2	3	0	0	5	0	2	0	0	0	0	0	0
cell_811	2	0	0	0	0	4	2	0	14	0	0	0	0	2	0	0
cell_810	2	0	0	0	0	4	2	0	14	0	0	0	0	2	0	0
cell_408	0	0	3	0	0	2	5	3	3	2	0	2	0	2	0	0
cell_397	0	0	3	0	0	2	2	0	0	0	0	2	0	2	0	0
cell_11	2	0	0	7	0	0	0	0	19	4	0	0	2	0	0	0
cell_232	0	0	0	0	0	0	0	0	0	0	0	0	0	0	0	0
cell_74	0	0	0	5	0	0	0	2	0	0	0	3	0	2	0	2
cell_986	0	0	0	0	0	0	2	0	0	0	5	0	0	2	0	0
cell_173	2	0	2	0	5	0	0	3	0	2	0	2	0	0	0	0
cell_28	2	0	0	0	0	0	0	0	0	4	0	0	0	0	0	0
cell_645	2	0	0	0	0	0	3	9	0	0	0	0	0	0	4	2
cell_305	0	0	3	0	0	2	0	0	0	0	0	0	0	2	0	0
cell_708	2	0	0	2	0	2	0	0	0	0	0	3	0	0	0	8
cell_859	0	10	5	0	8	4	2	2	0	0	4	2	0	2	0	0
cell_748	2	4	0	2	0	5	0	0	0	0	0	0	0	0	0	3
cell_716	2	2	3	2	0	2	0	0	0	5	0	0	0	0	0	0
cell_700	2	2	0	0	0	0	0	0	3	0	0	0	0	5	0	2
cell_886	0	10	4	0	8	4	2	0	0	5	0	0	0	2	0	0
cell_608	3	4	0	0	0	0	0	0	0	0	2	0	0	11	0	0
cell_27	2	0	0	0	0	0	0	0	0	4	0	0	0	0	0	0
cell_672	2	2	0	0	0	0	2	0	0	0	0	0	0	0	0	2
cell_398	0	0	3	0	0	2	2	0	0	0	0	2	0	2	0	0
cell_915	0	0	2	5	0	0	2	0	0	2	0	0	0	2	0	0
cell_705	2	0	0	2	0	2	0	0	0	0	0	3	0	0	0	0
cell_207	0	0	2	0	0	0	0	0	0	0	0	4	0	0	0	2
cell_666	2	0	0	0	0	2	0	0	0	0	0	0	2	0	0	2
cell_268	0	0	3	0	0	2	0	2	0	0	0	3	0	2	4	5
cell_9	2	0	0	7	0	0	0	0	19	4	0	0	2	0	0	0
cell_435	0	14	3	0	2	2	0	2	0	0	0	0	0	2	5	0
cell_806	2	0	0	0	0	4	2	0	14	0	0	0	0	2	0	0
cell_37	0	0	0	2	0	0	0	0	0	2	0	0	0	0	0	0
cell_837	0	10	0	0	8	4	2	0	0	0	0	0	0	2	0	20
cell_730	2	0	2	2	2	2	0	2	0	0	6	0	0	3	0	0
cell_406	0	0	3	0	2	2	5	3	3	2	0	2	0	2	0	0
cell_58	0	0	0	0	0	51	0	0	0	2	9	0	0	0	0	0
cell_240	0	0	0	0	0	0	0	0	0	0	5	0	0	2	0	0
cell_695	2	0	2	0	0	0	0	0	0	0	0	0	0	5	0	2
cell_934	0	0	0	5	0	0	2	0	0	0	0	0	2	2	0	4
cell_375	0	0	3	2	0	2	8	0	4	0	0	0	0	2	0	0
cell_911	0	0	2	5	4	0	2	0	5	0	0	0	2	2	0	0
cell_225	0	0	0	0	0	0	0	0	0	0	0	0	0	0	0	2
cell_153	0	0	2	4	0	0	0	0	4	0	0	0	5	0	0	0
cell_40	0	0	0	2	0	0	0	0	0	2	5	0	0	0	0	0
cell_690	2	0	0	0	0	0	0	0	0	0	5	0	0	5	0	2
cell_3	0	0	2	0	0	0	0	0	19	4	0	2	2	0	0	0
cell_238	0	0	0	0	0	2	0	5	0	0	0	0	0	2	0	0
cell_533	0	4	0	0	0	12	0	0	0	0	0	0	12	0	0	0
cell_890	0	10	0	0	8	4	2	0	0	5	0	12	0	2	4	0
cell_454	0	2	3	0	0	2	0	0	0	2	0	0	2	2	0	3
cell_339	0	0	3	0	2	2	8	0	0	0	0	20	0	2	0	13
cell_125	0	0	0	5	0	0	0	2	0	0	2	0	0	0	0	0
cell_965	0	0	3	0	0	2	2	0	0	0	21	0	0	2	0	0
cell_629	0	4	0	0	2	0	10	0	0	0	0	0	0	0	0	8
cell_655	2	0	0	0	0	0	11	0	0	0	0	0	0	0	0	2
cell_229	0	0	0	0	0	0	0	0	0	0	0	0	0	0	0	0
cell_308	0	0	3	2	0	2	0	0	0	0	0	0	0	2	0	0
cell_746	2	4	0	2	0	0	0	0	0	0	0	3	0	0	0	3
cell_751	2	4	0	2	0	0	0	0	0	0	0	0	0	0	0	3
cell_144	0	0	0	4	0	0	0	0	0	0	2	0	0	0	2	0
cell_906	0	0	2	5	0	0	2	0	0	0	0	0	0	2	0	0
cell_682	2	0	2	93	0	0	0	0	2	0	2	0	0	5	0	2
cell_284	0	0	3	0	0	2	2	2	0	0	0	0	0	2	0	5
cell_868	0	10	0	0	8	4	2	0	0	5	0	0	0	2	0	0
cell_589	2	4	0	0	0	0	0	0	0	0	0	2	0	0	0	0
cell_564	0	4	0	0	2	0	0	0	0	0	4	0	0	0	0	0
cell_728	2	2	0	2	0	2	0	2	0	0	0	0	0	2	0	5
cell_214	2	2	2	0	0	0	0	3	0	0	0	0	0	2	0	2
cell_142	0	0	0	4	0	0	0	0	0	0	2	0	0	0	2	0
cell_512	0	0	3	3	0	2	0	0	0	2	0	0	0	2	0	2
cell_355	0	3	3	0	2	2	8	0	0	13	0	0	0	2	0	15
cell_739	2	0	0	2	0	0	0	0	0	0	0	0	0	0	0	3
cell_656	2	0	0	0	0	0	11	0	0	0	0	0	0	0	0	2
cell_453	0	2	3	0	0	2	0	0	0	2	0	0	2	2	0	3
cell_607	3	4	0	0	0	0	0	0	0	0	2	0	0	11	0	0
cell_643	2	0	0	0	0	0	3	0	0	2	0	0	4	3	4	2
cell_973	0	0	0	0	0	0	2	0	2	0	21	2	0	2	0	0
cell_592	2	4	0	0	0	0	0	0	0	0	2	2	0	0	0	0
cell_163	2	0	2	4	5	0	0	4	0	2	0	0	0	0	0	0
cell_659	2	0	0	0	0	0	0	0	2	0	0	0	0	0	0	2
cell_796	0	0	0	0	0	4	2	0	0	2	0	0	0	2	0	5
cell_340	0	0	3	0	2	2	8	0	0	0	0	20	0	2	0	13
cell_424	0	0	3	2	2	2	0	0	0	0	0	0	0	2	0	2
cell_404	0	0	3	5	0	2	5	3	3	0	0	2	0	2	0	0
cell_23	0	0	0	2	0	0	0	0	0	4	0	0	0	0	0	0
cell_637	0	4	0	2	0	2	10	0	0	0	0	2	0	0	0	11
cell_280	0	0	3	2	0	2	2	2	0	0	0	0	0	2	0	5
cell_42	0	0	0	2	5	0	0	5	2	2	0	0	0	0	0	0
cell_800	0	0	0	0	0	4	2	0	0	2	0	0	0	2	0	0
cell_281	0	0	3	0	0	2	2	2	0	0	0	0	0	2	0	5
cell_692	2	0	0	0	0	0	0	0	0	0	5	0	0	5	0	2
cell_505	0	0	3	3	0	2	0	0	0	0	0	0	0	2	2	2
cell_618	0	4	0	0	0	0	0	0	0	0	0	3	0	2	0	0
cell_324	0	0	3	0	0	2	8	5	0	0	0	2	0	2	0	0
cell_151	0	2	2	4	0	0	0	0	0	2	0	0	5	0	0	3
cell_641	2	0	0	0	0	0	3	0	0	2	0	0	4	0	4	2
cell_50	0	0	0	0	0	2	0	0	0	0	5	5	15	0	0	0
cell_760	2	2	5	2	0	0	0	0	0	0	0	0	0	0	0	3
cell_896	0	10	0	0	8	4	2	0	0	5	10	0	0	2	0	0
cell_696	2	0	2	0	0	0	0	0	0	0	0	0	0	5	0	2
cell_847	0	10	0	0	8	4	2	0	0	0	0	0	0	2	0	0
cell_980	0	12	0	0	0	0	2	0	0	0	5	0	0	2	0	0
cell_503	0	0	3	3	9	2	2	2	0	0	2	0	0	2	2	2
cell_304	0	2	3	0	2	2	0	0	0	0	0	0	2	2	0	0
cell_332	0	2	3	0	0	2	8	0	0	0	0	0	0	2	0	0
cell_325	0	0	3	0	0	2	8	0	0	0	0	0	0	2	10	0
cell_412	0	0	3	0	0	2	0	0	3	0	0	2	0	2	0	0
cell_320	4	4	3	2	0	2	0	0	0	0	30	2	0	2	0	0
cell_468	0	0	3	0	2	2	0	0	0	0	0	0	0	2	0	0
cell_211	0	2	2	0	0	2	0	0	0	0	0	0	0	0	0	2
cell_883	0	10	0	0	8	4	2	48	0	5	0	0	0	2	0	0
cell_356	0	3	3	0	2	2	8	0	0	13	0	0	0	2	0	15
cell_87	0	0	0	5	0	0	0	7	0	0	0	3	3	2	0	0
cell_77	0	0	0	5	0	0	0	2	0	0	0	3	0	0	0	0
cell_159	0	0	0	4	0	5	0	0	0	0	0	0	5	0	0	0
cell_184	2	0	2	0	5	2	0	0	0	0	2	20	0	4	0	0
cell_442	0	0	3	0	2	2	0	2	0	3	0	2	0	2	5	0
cell_68	0	0	0	5	0	0	0	2	0	0	0	3	0	0	0	0
cell_39	0	0	0	2	0	0	0	0	0	2	5	0	0	0	0	0
cell_419	0	0	3	0	2	2	0	0	0	0	0	0	0	2	0	2
cell_196	0	0	2	0	0	0	0	0	0	0	0	0	2	0	0	2
cell_627	0	4	0	0	2	2	10	0	0	0	0	0	0	0	0	0
cell_66	0	0	0	5	0	0	0	2	0	0	0	3	0	0	0	0
cell_24	0	0	0	2	0	0	0	0	0	4	0	0	0	0	0	0
cell_714	2	0	0	2	0	2	0	0	0	5	0	0	0	0	0	0
cell_380	0	0	3	2	0	2	8	2	0	0	0	0	0	2	3	0
cell_873	0	10	0	0	8	4	2	0	0	5	0	0	0	2	0	0
cell_579	2	4	0	0	0	0	42	0	0	0	0	0	0	2	2	0
cell_462	0	0	3	0	0	2	0	8	0	0	0	0	2	2	2	0
cell_137	0	0	0	4	0	0	0	0	0	0	2	0	0	0	0	0
cell_633	0	4	0	2	0	0	10	0	0	0	0	2	0	0	0	0
cell_452	0	0	3	0	0	2	0	0	0	0	0	0	2	2	0	0
cell_919	0	0	2	5	0	0	2	0	0	2	0	0	0	2	0	0
cell_923	0	0	2	5	0	0	2	2	0	0	0	0	0	2	0	0
cell_820	2	2	0	0	0	4	2	0	5	4	4	0	5	2	0	0
cell_342	0	0	3	0	2	2	8	0	0	0	0	20	2	2	0	13
cell_928	0	0	2	5	0	0	2	0	0	0	0	0	0	2	0	0
cell_400	0	0	3	0	0	2	0	0	0	0	0	2	0	2	0	2
cell_425	0	0	3	5	2	2	0	3	0	0	0	0	0	2	0	2
cell_942	0	0	0	5	0	0	2	0	3	0	0	2	0	2	0	4
cell_769	0	2	4	2	0	4	2	3	0	0	2	0	0	2	0	0
cell_814	2	0	0	0	0	4	2	5	14	0	0	0	0	2	0	0
cell_438	0	11	3	0	2	2	2	2	0	0	2	0	0	2	5	0
cell_486	0	0	3	0	5	2	0	2	0	0	0	0	0	2	0	0
cell_577	2	4	0	0	5	0	0	0	0	0	0	0	0	2	2	0
cell_925	0	0	2	5	0	0	2	2	0	0	0	0	0	2	0	3
cell_543	0	4	0	0	0	0	0	0	12	0	0	0	0	0	0	0
cell_182	2	0	2	0	5	0	0	0	0	0	0	20	0	4	0	0
cell_789	0	0	0	0	2	4	2	2	0	2	0	0	0	2	9	0
cell_770	0	2	4	2	0	4	2	3	0	0	2	0	0	2	0	0
cell_427	0	4	3	5	2	2	5	3	0	0	0	0	0	2	0	2
cell_21	0	2	0	0	0	0	0	0	0	4	0	0	0	0	0	0
cell_371	0	0	3	2	4	2	8	0	0	0	5	0	0	2	0	0
cell_190	0	0	2	0	5	0	0	0	0	0	0	0	0	4	0	2
cell_689	2	0	0	0	0	0	0	0	0	0	5	0	0	5	0	2
cell_968	0	0	3	0	0	0	2	0	0	0	21	0	0	2	0	0
cell_335	0	2	3	0	2	2	8	3	0	0	0	0	0	2	0	0
cell_187	0	0	2	0	5	0	0	0	0	0	0	0	2	4	0	0
cell_276	0	0	3	0	0	2	2	0	2	0	0	0	0	2	2	5
cell_36	0	0	0	2	0	0	0	0	0	2	0	0	0	2	0	0
cell_614	0	4	0	5	0	0	0	0	0	0	0	2	0	2	0	0
cell_431	0	0	3	0	2	2	0	3	0	0	0	0	0	2	3	2
cell_509	0	0	3	3	0	2	0	0	0	2	0	0	0	2	0	2
cell_258	0	0	3	0	8	2	3	2	0	0	0	0	0	2	0	5
cell_296	0	2	3	0	5	2	0	0	2	0	0	0	0	2	0	0
cell_84	0	2	0	5	0	0	2	7	0	0	0	3	3	2	5	0
cell_381	0	0	3	2	0	2	8	2	0	0	0	0	0	2	3	0
cell_429	0	0	3	0	2	2	0	3	0	0	0	2	0	2	3	2
cell_897	0	2	2	5	0	0	2	29	0	0	0	0	0	2	0	0
cell_439	0	11	3	0	2	2	4	2	0	0	2	0	0	2	5	0
cell_224	0	2	2	2	0	0	0	0	0	0	5	0	0	0	0	2
cell_874	0	10	0	0	8	4	2	0	0	5	0	0	0	2	0	0
cell_93	0	2	0	5	0	0	0	0	0	0	0	3	0	2	0	0
cell_1013	0	0	0	0	5	0	2	0	0	0	0	12	2	2	0	0
cell_846	0	10	0	0	8	4	2	0	0	0	0	0	0	2	0	0
cell_842	0	10	0	2	8	4	2	0	16	0	0	0	0	2	0	0
cell_443	0	0	3	0	2	2	0	2	0	3	0	2	0	2	5	0
cell_316	0	4	3	0	0	2	0	0	0	3	0	0	0	2	0	0
cell_391	0	0	3	0	0	2	0	0	0	0	0	2	0	2	0	0
cell_81	0	2	5	5	0	0	2	7	0	3	0	3	3	2	5	0
cell_263	0	0	3	0	0	2	3	2	0	0	0	0	0	2	0	5
cell_587	2	4	0	0	2	0	0	0	8	0	0	0	0	0	0	0
cell_430	0	0	3	0	2	2	0	3	0	0	0	2	0	2	3	2
cell_723	2	0	0	2	0	2	0	2	5	0	0	0	0	0	0	0
cell_127	0	0	0	5	0	0	0	2	0	0	2	0	0	0	0	0
cell_548	4	4	0	0	0	0	0	0	0	0	0	0	0	0	0	0
cell_501	0	0	3	3	9	2	2	2	0	0	2	0	0	2	2	2
cell_1019	0	0	5	0	5	0	2	5	0	0	0	12	2	2	0	0
cell_136	3	3	0	4	0	0	0	0	65	0	2	0	0	0	0	5
cell_379	0	0	3	2	0	2	8	2	0	0	0	0	0	2	3	0
cell_546	4	4	0	0	0	0	0	0	0	0	2	0	0	0	0	2
cell_584	2	4	0	0	0	0	2	0	0	0	0	3	0	0	2	0
cell_99	0	0	0	5	0	5	3	0	0	0	0	5	0	0	0	0
cell_520	0	4	0	0	0	0	0	0	2	0	0	4	0	0	0	0
cell_956	0	0	5	5	0	0	2	0	0	0	0	0	0	2	2	4
cell_394	0	0	3	0	0	2	0	0	0	2	0	2	0	2	0	0
cell_314	0	4	3	0	0	2	0	0	0	0	0	0	0	2	0	0
cell_972	0	0	0	0	0	0	2	0	2	0	21	0	0	2	0	0
cell_779	0	2	0	0	0	4	2	16	4	0	0	0	0	2	0	0
cell_205	0	0	2	0	2	0	0	0	0	0	0	0	0	0	0	2
cell_644	2	0	0	0	0	0	3	0	0	2	0	0	4	3	4	2
cell_170	2	0	2	0	5	2	0	0	0	2	0	2	0	0	0	0
cell_628	0	4	0	0	2	2	10	0	0	0	0	0	0	0	0	0
cell_845	0	10	0	0	8	4	2	0	0	0	0	0	0	2	0	0
cell_722	2	0	0	2	0	2	0	2	0	0	0	0	0	2	8	0
cell_363	3	0	3	0	0	2	8	0	0	13	0	2	0	2	0	0
cell_200	0	0	2	0	0	0	2	0	0	0	0	0	2	0	0	2
cell_649	2	8	0	0	0	0	0	0	0	2	0	0	11	0	0	2
cell_44	0	0	0	2	5	0	0	5	0	2	0	0	0	0	0	0
cell_6	0	0	0	0	0	0	2	0	19	4	0	0	2	0	0	3
cell_15	0	0	0	7	0	0	0	0	19	4	0	0	2	0	0	0
cell_979	0	12	0	0	0	0	2	0	0	0	5	0	0	2	0	0
cell_793	0	0	0	0	0	4	2	0	0	2	0	4	0	2	0	5
cell_877	0	10	0	0	8	4	2	0	0	5	0	0	0	2	0	0
cell_945	0	0	5	5	0	0	2	0	0	0	0	0	0	2	2	4
cell_413	0	0	3	5	5	2	5	0	3	0	0	2	0	2	0	0
cell_149	2	2	2	4	0	0	0	0	0	2	0	0	5	0	0	3
cell_13	0	0	0	7	0	0	0	0	19	4	0	0	2	3	0	0
cell_103	0	0	0	5	0	5	3	48	0	0	0	5	0	0	0	0
cell_347	2	0	3	0	0	2	8	0	0	9	0	0	0	2	0	13
cell_970	0	0	0	0	0	0	2	0	2	0	21	0	0	2	0	0
cell_758	2	2	0	2	0	0	0	0	0	0	0	0	0	0	0	3
cell_929	0	0	0	5	0	0	2	0	0	0	0	0	0	2	0	4
cell_830	2	0	0	0	4	4	2	0	0	0	0	0	5	2	0	5
cell_902	0	2	2	5	2	0	2	29	0	0	2	0	0	2	0	0
cell_861	0	10	5	0	8	4	2	2	0	0	4	0	0	2	0	0
cell_630	0	4	0	0	2	0	10	0	0	0	0	0	0	0	0	8
cell_422	0	0	3	2	2	2	0	0	0	0	0	0	0	2	0	2
cell_757	2	2	0	2	0	0	0	0	0	0	0	0	0	0	0	3
cell_73	0	0	0	5	0	0	0	2	0	0	0	3	0	2	0	2
cell_636	0	4	0	2	0	0	10	2	0	0	0	2	0	0	0	0
cell_82	0	2	5	5	0	0	2	7	0	3	0	3	3	2	5	0
cell_580	2	4	0	0	0	0	42	0	0	0	0	0	0	2	2	0
cell_101	0	0	0	5	0	5	3	48	0	0	4	5	0	0	0	0
cell_826	2	0	56	0	0	4	2	0	0	0	0	0	5	2	0	0
cell_732	2	0	2	2	0	2	0	2	0	0	6	0	0	3	0	0
cell_289	13	2	3	0	5	2	0	0	2	0	0	0	0	2	0	0
cell_745	2	4	0	2	0	0	0	0	0	0	0	3	0	0	0	3
cell_838	0	10	0	0	8	4	2	0	0	0	0	0	0	2	0	20
cell_619	0	4	0	0	0	0	0	0	0	0	0	3	0	2	0	0
cell_432	0	0	3	0	2	2	0	3	0	0	0	0	0	2	3	2
cell_1004	2	0	97	0	5	0	2	0	0	3	0	12	2	2	0	0
cell_697	2	0	0	0	0	0	0	0	3	0	0	0	0	5	0	2
cell_186	0	0	2	0	5	0	0	0	0	0	0	0	2	4	2	0
cell_474	0	0	3	0	2	2	0	0	0	0	3	0	8	2	0	3
cell_323	0	0	3	0	0	2	8	5	0	0	0	2	0	2	0	0
cell_318	4	4	3	0	0	2	0	0	0	0	30	2	0	2	5	0
cell_557	0	4	0	0	0	0	0	0	10	0	0	2	0	0	0	0
cell_1021	0	0	0	0	5	0	2	5	0	0	0	12	2	2	0	0
cell_478	0	0	3	0	2	2	0	0	0	0	0	0	8	2	0	0
cell_61	0	0	0	0	0	0	0	0	0	2	0	0	0	0	0	0
cell_912	0	0	2	5	4	0	2	0	5	0	0	0	2	2	0	0
cell_818	2	2	0	0	2	4	2	0	0	0	4	0	5	2	0	0
cell_667	2	0	0	0	0	0	0	0	0	0	0	0	2	0	0	2
cell_833	12	10	0	0	8	4	2	0	0	0	0	6	0	2	0	2
cell_899	0	2	2	5	0	0	2	29	0	0	0	0	0	2	0	0
cell_4	0	0	2	0	0	0	0	0	19	4	0	2	2	0	0	0
cell_522	0	4	0	0	0	0	0	0	0	0	0	0	0	0	0	0
cell_71	0	0	0	5	0	0	0	2	0	0	0	3	0	0	2	0
cell_458	0	0	3	0	0	2	2	8	5	0	0	0	2	2	0	0
cell_583	2	4	0	0	0	0	2	0	0	0	0	3	0	0	2	0
cell_878	0	10	0	0	8	4	2	0	0	5	0	0	0	2	0	0
cell_673	2	0	29	93	0	0	0	0	0	0	0	2	0	5	0	2
cell_472	0	0	3	3	2	2	0	0	0	0	0	0	0	2	0	0
cell_298	0	2	3	2	0	2	0	0	0	0	0	0	2	2	0	0
cell_869	0	10	0	0	8	4	2	11	0	5	0	0	0	2	0	0
cell_997	0	0	2	0	5	5	2	0	0	0	0	12	2	2	0	0
cell_338	0	0	3	0	2	2	8	0	0	0	0	20	0	2	0	13
cell_551	4	4	0	0	0	0	0	0	0	0	0	0	0	0	0	0
cell_247	5	0	0	0	0	0	0	0	0	2	0	0	0	0	0	0
cell_30	0	0	0	0	0	2	0	0	0	4	0	0	0	0	0	0
cell_19	0	2	0	0	0	0	0	0	0	4	0	0	0	0	0	0
cell_121	0	0	0	5	0	0	0	2	0	0	2	0	0	0	0	0
cell_593	0	4	0	0	0	0	0	0	0	0	0	0	2	0	9	0
cell_885	0	10	4	0	8	4	2	0	0	5	0	0	0	2	0	0
cell_1010	0	0	0	0	5	2	2	0	26	0	0	12	2	2	0	4
cell_459	0	0	3	0	0	2	0	8	0	0	0	0	2	2	0	0
cell_978	0	0	0	0	0	0	2	0	0	0	5	2	0	2	0	0
cell_1	0	0	2	0	0	0	0	0	19	4	0	2	2	0	0	0
cell_994	0	0	0	0	5	0	2	0	0	0	0	12	2	2	0	0
cell_535	0	4	0	0	0	0	0	0	0	0	0	0	0	0	0	0
cell_267	0	0	3	0	0	2	0	2	0	0	0	3	0	2	4	5
cell_57	0	0	0	0	0	51	0	0	0	2	9	0	0	0	0	0
cell_34	0	0	0	2	0	0	0	0	0	2	0	0	0	2	0	0
cell_376	0	0	3	2	0	2	8	0	4	0	0	0	0	2	0	0
cell_867	0	10	0	0	8	4	2	0	0	5	0	0	0	2	0	0
cell_924	0	0	2	5	0	0	2	2	0	0	0	0	0	2	0	0
cell_402	0	0	3	0	0	2	5	3	3	0	0	2	0	2	0	0
cell_387	0	0	3	0	0	2	0	0	0	0	0	2	2	2	0	0
cell_396	0	0	3	0	0	2	0	11	0	0	0	2	0	2	0	0
cell_844	0	10	0	2	8	4	2	0	0	0	0	0	0	2	0	0
cell_940	0	0	0	5	0	0	2	0	0	0	0	0	0	2	0	4
cell_317	4	4	3	0	0	2	0	0	0	0	30	2	0	2	5	0
cell_157	0	0	0	4	0	5	0	0	0	0	0	0	5	0	0	0
cell_679	2	0	29	93	0	0	0	0	0	0	0	0	0	5	0	2
cell_374	0	0	3	2	0	2	8	0	4	0	0	0	0	2	0	0
cell_804	2	0	0	2	0	4	2	0	14	0	0	0	0	2	0	0
cell_807	2	0	0	0	0	4	2	5	14	2	0	0	0	2	0	0
cell_349	2	0	3	0	0	2	8	0	3	0	0	0	0	2	0	13
cell_102	0	0	0	5	0	5	3	48	0	0	4	5	0	0	0	0
cell_675	2	0	29	93	0	0	0	0	0	0	0	2	0	5	0	2
cell_895	0	10	0	0	8	4	2	0	0	5	10	0	0	2	0	0
cell_1015	0	0	0	0	5	0	2	0	0	0	0	12	2	2	0	0
cell_996	0	0	0	0	5	0	2	0	0	0	0	12	2	2	0	0
cell_390	0	0	3	0	0	2	0	0	2	0	0	2	0	2	0	0
cell_220	0	2	2	0	0	0	0	0	0	2	5	0	0	0	0	2
cell_677	2	0	29	93	0	0	0	0	0	0	0	0	0	5	0	2
cell_465	0	0	3	0	2	2	0	0	0	0	0	0	0	2	0	0
cell_477	0	0	3	0	2	2	0	0	0	0	0	0	8	2	0	0
cell_622	0	4	0	0	0	0	0	0	0	0	0	0	0	2	0	0
cell_346	2	0	3	0	0	2	8	0	0	9	0	0	0	2	0	13
cell_860	0	10	5	0	8	4	2	2	0	0	4	2	0	2	0	0
cell_507	0	0	3	3	0	2	0	0	0	0	2	0	0	2	0	2
cell_360	2	0	3	0	2	2	8	0	0	13	0	0	0	2	4	15
cell_212	0	2	2	0	0	2	0	0	0	0	0	0	0	0	0	2
cell_952	0	0	5	5	0	0	2	0	0	0	0	0	0	2	2	4
cell_841	0	10	0	2	8	4	2	0	16	0	0	0	0	2	0	0
cell_914	5	0	2	5	0	0	2	0	0	2	4	0	0	2	0	0
cell_761	2	0	0	2	0	2	0	0	0	0	0	2	0	0	0	3
cell_824	2	2	0	0	0	4	2	5	4	0	4	0	5	2	0	0
cell_776	0	2	0	2	0	4	2	3	0	0	2	0	0	2	5	0
cell_686	2	0	0	93	0	0	0	0	0	0	11	0	0	5	0	2
cell_22	0	2	0	0	0	0	0	0	0	4	0	0	0	0	0	0
cell_43	0	0	0	2	5	0	0	5	0	2	0	0	0	0	0	0
cell_162	2	2	2	4	5	5	0	4	0	2	0	0	0	0	0	0
cell_264	0	0	3	0	0	2	3	2	0	0	0	0	0	2	0	5
cell_352	2	0	3	0	0	2	8	0	0	0	0	0	0	2	0	13
cell_632	0	4	0	0	2	0	10	0	0	0	3	0	0	0	0	8
cell_506	0	0	3	3	0	2	0	0	0	0	0	0	0	2	2	2
cell_563	0	4	0	0	2	0	0	0	0	0	4	0	0	0	0	0
cell_106	0	0	3	5	0	0	0	0	0	0	2	0	0	0	0	0
cell_964	0	0	2	0	0	0	2	0	4	0	21	0	0	2	0	0
cell_634	0	4	0	2	0	0	10	0	0	0	0	2	0	0	0	0
cell_364	3	0	3	0	0	2	8	0	0	13	0	2	0	2	0	0
cell_819	2	2	0	0	0	4	2	0	5	4	4	0	5	2	0	0
cell_343	0	0	3	2	2	2	8	0	0	0	0	20	0	2	0	13
cell_898	0	2	2	5	0	0	2	29	0	0	0	0	0	2	0	0
cell_984	0	5	0	2	0	0	2	0	0	0	5	0	0	2	0	0
cell_631	0	4	0	0	2	0	10	0	0	0	3	0	0	0	0	8
cell_165	0	0	2	4	5	0	0	4	0	2	0	0	0	2	0	0
cell_283	0	0	3	0	0	2	2	2	0	0	0	0	0	2	0	5
cell_574	0	4	0	8	0	0	0	0	0	0	0	2	2	0	0	0
cell_731	2	0	2	2	0	2	0	2	0	0	6	0	0	3	0	0
cell_752	2	4	0	2	0	0	0	0	0	0	0	0	0	0	0	3
cell_594	0	4	0	0	0	0	0	0	0	0	0	0	2	0	9	0
cell_482	0	0	3	0	0	2	0	0	0	0	0	0	0	2	0	0
cell_357	2	0	3	0	2	2	8	0	0	13	0	0	0	2	0	15
cell_180	2	0	2	0	5	0	0	0	0	0	2	0	0	4	0	0
cell_687	2	0	0	93	0	0	0	0	0	0	11	0	0	5	0	2
cell_864	0	10	5	0	8	4	2	2	0	0	4	0	0	2	0	0
cell_124	0	0	0	5	4	0	0	2	0	0	2	0	0	0	0	0
cell_154	0	0	2	4	0	0	0	0	4	0	0	0	5	0	0	0
cell_990	2	0	4	0	0	0	2	2	0	0	5	0	0	2	0	0
cell_41	0	0	0	2	5	0	0	5	2	2	0	0	0	0	0	0
cell_377	0	0	3	2	3	2	8	2	0	0	0	0	0	2	3	0
cell_753	2	2	0	2	0	0	0	9	0	0	0	0	0	0	0	3
cell_244	5	0	0	0	0	0	2	2	0	0	0	3	0	0	0	0
cell_108	0	0	3	5	0	0	0	0	0	0	2	0	0	0	0	0
cell_609	0	4	0	5	2	0	10	0	0	0	0	0	0	2	3	0
cell_171	2	0	2	0	5	2	0	0	0	2	0	2	0	0	0	0
cell_701	2	0	0	0	0	0	0	0	3	0	0	0	2	5	0	2
cell_96	0	2	0	5	0	0	0	0	0	0	0	3	0	2	0	0
cell_489	5	0	3	0	2	2	0	0	0	0	0	0	0	2	0	0
cell_879	0	10	0	0	8	4	2	0	0	5	0	0	0	2	0	0
cell_889	0	10	0	0	8	4	2	0	0	5	0	12	0	2	4	0
cell_740	2	0	0	2	0	0	0	0	0	0	0	0	0	0	0	3
cell_237	0	0	0	0	0	2	0	5	0	0	0	0	0	2	0	0
cell_787	2	2	0	0	0	4	2	2	0	2	0	0	0	2	0	0
cell_416	0	0	3	5	5	2	0	0	3	4	0	2	0	2	0	0
cell_497	0	0	3	3	0	2	2	2	0	0	0	0	0	2	2	2
cell_852	0	10	0	0	8	4	2	2	0	0	0	0	0	2	0	0
cell_654	2	0	0	0	0	0	11	0	0	0	0	0	0	0	0	2
cell_598	0	4	0	0	0	0	0	0	2	0	0	0	0	3	9	0
cell_329	0	2	3	0	0	2	8	0	0	0	2	0	0	2	0	2
cell_1009	0	0	0	0	5	2	2	0	26	0	0	12	2	2	0	4
cell_855	0	10	0	0	8	4	2	2	0	0	0	0	3	2	0	0
cell_1005	2	0	0	2	5	0	2	0	0	0	4	12	2	2	0	0
cell_265	0	0	3	0	0	2	0	2	0	0	0	0	0	2	4	5
cell_252	14	0	0	10	0	0	0	0	0	0	0	0	0	5	0	0
cell_744	2	0	0	2	0	0	0	0	0	0	0	0	0	0	0	3
cell_606	3	4	0	0	0	0	0	0	0	5	2	0	0	11	0	0
cell_231	0	0	0	0	0	0	0	0	0	0	0	0	0	0	0	0
cell_202	0	0	2	0	0	0	0	0	0	0	0	0	0	0	0	2
cell_747	2	4	0	2	0	5	0	0	0	0	0	0	0	0	0	3
cell_35	0	0	0	2	0	0	0	0	0	2	0	0	0	2	0	0
cell_534	0	4	0	0	0	12	0	0	0	0	0	0	12	0	0	0
cell_653	2	0	0	0	0	0	11	0	0	0	0	0	0	0	0	2
cell_937	0	0	0	5	0	0	2	0	0	0	0	0	0	2	0	4
cell_680	2	0	29	93	0	0	0	0	0	0	0	0	0	5	0	2
cell_83	0	2	0	5	0	0	2	7	0	0	0	3	3	2	5	0
cell_354	0	0	3	0	2	2	8	0	0	13	0	0	0	2	0	15
cell_426	0	0	3	5	2	2	0	3	0	0	0	0	0	2	0	2
cell_612	0	4	0	5	2	0	10	0	0	0	0	3	0	2	0	0
cell_217	0	2	2	0	0	0	0	22	0	0	5	0	0	0	0	2
cell_947	0	0	5	5	0	0	2	0	0	0	0	0	0	2	2	4
cell_556	0	4	0	0	0	0	0	15	0	0	0	0	0	0	2	0
cell_999	0	0	0	0	5	5	2	0	0	0	0	12	2	2	0	0
cell_665	2	0	0	0	0	2	0	0	0	0	0	0	2	0	0	2
cell_904	0	2	2	5	2	0	2	29	0	0	2	0	0	2	0	0
cell_578	2	4	0	0	5	0	0	0	0	0	0	0	0	2	2	0
cell_76	0	0	0	5	0	0	0	2	0	0	0	3	0	2	0	2
cell_576	0	4	0	8	0	0	0	0	0	0	0	2	2	0	0	0
cell_261	0	0	3	0	0	2	3	2	20	2	0	0	0	2	0	5
cell_918	0	0	2	5	0	0	2	0	0	2	0	0	0	2	0	0
cell_558	0	4	0	0	0	0	0	0	10	0	0	2	0	0	0	0
cell_195	0	0	2	0	0	0	0	0	0	0	0	0	2	0	0	2
cell_794	0	0	0	0	0	4	2	0	0	2	0	4	0	2	0	5
cell_795	0	0	0	0	0	4	2	0	0	2	0	0	0	2	0	5
cell_571	0	4	0	8	2	0	0	0	0	0	0	0	0	0	0	0
cell_450	0	0	3	0	0	2	2	0	0	0	0	0	2	2	0	2
cell_189	0	0	2	0	5	0	0	0	0	0	0	0	0	4	0	2
cell_975	0	0	2	2	0	0	2	0	2	0	21	0	2	2	0	0
cell_854	0	10	0	0	8	4	2	2	0	0	0	0	0	2	0	10
cell_648	2	0	0	0	0	0	3	9	0	0	2	3	0	0	4	2
cell_428	0	4	3	5	2	2	5	3	0	0	0	0	0	2	0	2
cell_90	0	2	0	5	14	5	0	2	0	0	0	3	0	2	0	0
cell_550	4	4	0	0	0	0	0	0	0	0	0	0	0	0	0	0
cell_831	2	0	0	0	4	4	2	4	0	0	0	0	5	2	0	5
cell_8	0	0	0	0	0	0	0	0	19	4	0	0	2	0	0	0
cell_471	0	0	3	3	2	2	0	0	0	0	0	0	0	2	0	0
cell_31	0	0	0	0	0	0	0	0	0	4	0	5	0	0	0	0
cell_38	0	0	0	2	0	0	0	0	0	2	0	0	0	0	0	0
cell_331	0	2	3	0	0	2	8	0	0	0	0	0	0	2	0	0
cell_392	0	0	3	0	0	2	0	0	0	0	0	2	0	2	0	0
cell_611	0	4	0	5	2	0	10	0	0	0	0	3	0	2	0	0
cell_393	0	0	3	0	0	2	0	0	0	2	0	2	0	2	0	0
cell_595	0	4	0	0	0	0	0	0	0	0	0	0	2	0	9	0
cell_801	2	0	0	2	0	4	2	0	14	0	0	0	0	2	0	0
cell_698	2	0	0	0	0	0	0	0	3	0	0	0	0	5	0	2
cell_835	0	10	0	0	8	4	2	0	0	0	0	6	0	2	0	0
cell_107	0	0	3	5	0	0	0	0	0	0	2	0	0	0	0	0
cell_188	0	0	2	0	5	0	0	0	0	0	0	0	2	4	0	0
cell_250	0	0	0	0	0	0	0	0	0	0	0	0	0	0	0	0
cell_815	2	0	0	0	0	4	2	0	14	0	0	0	13	2	0	0
cell_194	5	0	2	0	0	0	0	0	2	0	0	0	2	0	0	2
cell_384	0	0	3	2	0	2	8	2	0	0	0	0	0	2	3	0
cell_29	0	0	0	0	0	2	0	0	0	4	0	0	0	0	0	0
cell_403	0	0	3	5	0	2	5	3	3	0	0	2	0	2	0	0
cell_813	2	0	0	0	0	4	2	5	14	0	0	0	0	2	0	0
cell_362	3	5	3	0	4	2	8	0	0	13	0	2	3	2	0	0
cell_518	0	4	0	0	0	0	0	0	2	0	0	4	0	0	0	0
cell_33	0	0	0	2	0	0	0	0	0	2	0	0	0	2	0	0
cell_647	2	0	0	0	0	0	3	9	0	0	2	3	0	0	4	2
cell_262	0	0	3	0	0	2	3	2	20	2	0	0	0	2	0	5
cell_492	5	0	3	0	2	2	0	0	0	0	0	0	0	2	0	0
cell_499	0	0	3	3	0	2	2	2	0	0	0	0	0	2	2	2
cell_851	0	10	0	0	8	4	2	2	0	0	0	0	0	2	0	0
cell_568	0	4	0	2	0	0	2	0	0	0	0	0	0	0	2	0
cell_197	0	0	2	4	0	0	2	0	0	0	2	0	2	0	0	2
cell_910	0	0	2	5	0	0	2	0	5	0	0	0	2	2	2	0
cell_78	0	0	0	5	0	0	0	2	0	0	0	3	0	0	0	0
cell_56	0	0	0	0	2	2	0	0	0	0	0	0	0	0	0	0
cell_481	0	0	3	0	0	2	0	0	0	0	0	0	0	2	0	0
cell_812	2	0	0	0	0	4	2	0	14	0	0	0	0	2	0	0
cell_336	0	2	3	0	2	2	8	3	0	0	0	0	0	2	0	0
cell_610	0	4	0	5	2	0	10	0	0	0	0	0	0	2	3	0
cell_164	2	0	2	4	5	0	0	4	0	2	0	0	0	0	0	0
cell_150	2	2	2	4	0	0	0	0	0	2	0	0	5	0	0	3
cell_326	0	0	3	0	0	2	8	0	0	0	0	0	0	2	10	0
cell_639	0	4	0	2	0	0	10	0	0	0	0	2	0	0	0	0
cell_742	2	0	0	2	0	0	0	0	0	0	0	0	0	0	0	3
cell_46	0	0	0	2	3	0	0	5	0	2	0	0	0	0	0	0
cell_932	0	0	0	5	0	0	2	0	0	0	0	0	0	2	0	4
cell_1002	2	2	0	0	5	0	2	0	0	0	2	12	2	2	0	0
cell_930	0	0	0	5	0	0	2	0	0	0	0	0	0	2	0	4
cell_553	0	4	2	2	0	2	0	15	0	0	0	0	0	0	2	0
cell_7	0	0	0	0	0	0	0	0	19	4	0	0	2	0	0	0
cell_768	2	0	0	2	3	2	0	3	0	0	2	2	0	0	0	3
cell_60	0	0	0	0	0	0	0	0	0	2	0	0	0	0	0	0
cell_140	0	0	0	4	0	0	0	0	0	0	2	0	0	0	0	0
cell_138	0	0	0	4	0	0	0	0	0	0	2	0	0	0	0	0
cell_445	0	3	3	0	2	2	0	2	0	5	0	0	0	2	5	0
cell_803	2	0	0	2	0	4	2	0	14	0	0	0	0	2	0	0
cell_865	0	10	0	0	8	4	2	0	0	5	0	0	0	2	0	0
cell_299	2	2	3	2	0	2	0	0	0	0	0	0	2	2	0	0
cell_466	0	0	3	0	2	2	0	0	0	0	0	0	0	2	0	0
cell_542	0	4	0	0	2	0	0	0	12	0	0	14	0	0	0	0
cell_784	0	2	0	0	0	4	2	16	0	3	0	0	0	2	0	0
cell_85	0	0	0	5	0	0	0	7	0	0	0	3	3	2	0	0
cell_888	0	10	0	0	8	4	2	0	0	5	0	0	0	2	0	0
cell_473	0	0	3	0	2	2	0	0	0	0	3	0	8	2	0	3
cell_726	2	2	0	2	0	2	0	2	5	0	0	0	15	0	0	0
cell_490	5	0	3	0	2	2	0	0	0	0	0	0	0	2	0	0
cell_658	2	2	0	0	0	0	0	0	0	0	0	0	0	0	0	2
cell_961	0	0	0	0	0	0	2	0	4	0	21	0	0	2	0	0
cell_204	0	0	2	0	0	0	2	0	0	0	0	0	0	0	0	2
cell_857	0	10	5	0	8	4	2	2	0	0	4	0	5	2	0	0
cell_292	13	2	3	0	5	2	0	0	2	0	0	0	0	2	0	0
cell_985	0	0	0	0	0	0	2	0	0	0	5	0	0	2	0	0
cell_480	0	0	3	0	2	2	0	0	0	0	0	0	8	2	0	0
cell_515	0	4	2	0	0	0	5	26	0	0	0	4	0	0	0	0
cell_856	0	10	0	0	8	4	2	2	0	0	0	0	3	2	0	0
cell_738	2	0	0	2	0	0	0	0	0	0	0	0	0	0	0	3
cell_131	3	2	0	4	0	0	0	0	0	0	2	0	0	0	0	0
cell_786	2	2	0	0	0	4	2	2	0	2	0	0	0	2	0	0
cell_504	0	0	3	3	9	2	2	2	0	0	2	0	0	2	2	2
cell_764	2	0	0	2	0	2	0	0	0	0	8	2	0	0	0	3
cell_104	0	0	0	5	0	5	3	48	0	0	0	5	0	0	0	0
cell_201	0	0	2	0	0	0	0	0	0	0	0	0	0	0	0	2
cell_270	2	0	3	0	0	2	0	2	0	0	0	0	0	2	4	5
cell_529	0	4	15	0	0	0	2	4	0	0	0	0	0	0	0	0
cell_903	0	2	2	5	2	0	2	29	0	0	2	0	0	2	0	0
cell_64	0	0	2	0	0	0	0	0	0	2	0	0	0	0	0	2
cell_495	5	0	3	0	0	2	0	0	0	0	0	0	0	2	0	0
cell_905	0	0	2	5	0	0	2	0	0	0	0	0	0	2	0	0
cell_311	0	0	3	0	0	2	0	0	0	0	0	0	0	2	0	2
cell_767	2	0	0	2	3	2	0	3	0	0	2	2	0	0	0	3
cell_75	0	0	0	5	0	0	0	2	0	0	0	3	0	2	0	2
cell_243	5	0	0	0	0	0	2	2	0	0	0	3	0	0	0	0
cell_97	0	0	0	5	0	5	3	0	0	0	0	5	0	0	0	0
cell_70	0	0	0	5	0	0	0	0	0	0	8	3	0	0	2	0
cell_821	2	2	0	0	0	4	2	0	4	0	4	0	5	2	2	0
cell_411	0	0	3	0	0	2	0	0	3	0	0	2	0	2	0	0
cell_370	0	0	3	2	4	2	8	0	0	0	5	0	0	2	0	0
cell_350	2	0	3	0	0	2	8	0	3	0	0	0	0	2	0	13
cell_717	2	0	0	2	0	2	0	0	0	2	0	0	5	0	0	0
cell_884	0	10	0	0	8	4	2	48	0	5	0	0	0	2	0	0
cell_782	0	2	0	0	0	4	2	16	8	3	0	27	0	2	0	0
cell_295	0	2	3	0	5	2	0	0	2	0	0	0	0	2	0	0
cell_147	0	0	0	4	0	0	0	0	0	2	5	0	5	0	0	0
cell_72	0	0	0	5	0	0	0	2	0	0	0	3	0	0	2	0
cell_674	2	0	29	93	0	0	0	0	0	0	0	2	0	5	0	2
cell_177	2	0	2	4	5	0	0	0	0	0	0	0	0	4	0	0
cell_337	0	0	3	0	2	2	8	0	0	0	0	20	0	2	0	13
cell_699	2	2	0	0	0	0	0	0	3	0	0	0	0	5	0	2
cell_880	0	10	0	0	8	4	2	0	0	5	0	0	0	2	0	0
cell_721	2	0	0	2	0	2	0	2	0	0	0	0	0	2	8	0
cell_736	2	0	0	2	0	2	0	2	0	0	0	0	0	3	0	0
cell_483	0	0	3	0	0	2	0	0	0	0	0	0	0	2	0	0
cell_185	0	0	2	0	5	0	0	0	0	0	0	0	2	4	2	0
cell_369	0	0	3	2	4	2	8	0	0	0	5	0	0	2	0	0
cell_359	2	0	3	0	2	2	8	0	0	13	0	0	0	2	4	15
cell_433	0	14	3	0	2	2	0	2	0	0	0	0	0	2	5	0
cell_152	0	2	2	4	0	0	0	0	0	2	0	0	5	0	0	3
cell_933	0	0	0	5	0	0	2	0	0	0	0	0	2	2	0	4
cell_755	2	2	0	2	0	0	0	0	0	0	0	0	0	0	0	3
cell_447	0	0	3	0	2	2	0	2	0	0	0	0	0	2	5	0
cell_1000	0	0	0	0	5	5	2	0	0	0	0	12	2	2	0	0
cell_401	0	0	3	0	0	2	5	3	3	0	0	2	0	2	0	0
cell_366	0	0	3	0	0	2	8	0	0	13	0	2	0	2	0	0
cell_105	0	0	3	5	0	0	0	0	0	0	2	0	0	0	0	0
cell_487	0	0	3	0	0	2	0	0	0	56	5	0	0	2	0	0
cell_341	0	0	3	0	2	2	8	0	0	0	0	20	2	2	0	13
cell_80	0	0	0	5	0	0	0	2	0	0	0	3	0	0	0	0
cell_319	4	4	3	2	0	2	0	0	0	0	30	2	0	2	0	0
cell_581	2	4	0	0	3	0	0	3	0	0	0	3	0	0	2	0
cell_935	4	0	0	5	0	0	2	0	0	0	0	0	2	2	0	4
cell_306	0	0	3	0	0	2	0	0	0	0	0	0	0	2	0	0
cell_832	2	0	0	0	4	4	2	4	0	0	0	0	5	2	0	5
cell_1022	0	0	0	0	5	0	2	5	0	0	0	12	2	2	0	0
cell_660	2	0	0	0	0	0	0	0	2	0	0	0	0	0	0	2
cell_460	0	0	3	0	0	2	0	8	0	0	0	0	2	2	0	0
cell_953	0	0	5	5	0	0	2	0	0	0	0	5	0	2	2	4
cell_582	2	4	0	0	3	0	0	3	0	0	0	3	0	0	2	0
cell_464	0	0	3	0	0	2	0	8	0	0	0	0	2	2	0	0
cell_12	2	0	0	7	0	0	0	0	19	4	0	0	2	0	0	0
cell_418	0	0	3	0	2	2	0	0	0	0	0	0	0	2	0	2
cell_652	2	0	0	0	0	0	0	0	0	5	0	0	0	0	0	2
cell_437	0	11	3	0	2	2	2	2	0	0	2	0	0	2	5	0
cell_253	0	0	0	0	0	0	0	0	0	0	124	0	0	0	0	0
cell_16	0	0	0	7	0	0	0	0	19	4	0	0	2	0	0	0
cell_192	0	0	2	0	5	0	0	0	0	0	0	0	0	4	0	2
cell_709	2	0	0	2	0	2	0	0	0	3	0	3	5	0	0	0
cell_385	0	0	3	0	0	2	0	0	0	5	0	2	0	2	0	0
cell_638	0	4	0	2	0	2	10	0	0	0	0	2	0	0	0	11
cell_694	2	0	2	0	2	0	0	0	5	0	0	0	0	5	0	2
cell_52	3	0	0	0	0	2	0	0	0	0	5	0	0	0	0	0
cell_605	3	4	0	0	0	0	0	0	0	5	2	0	0	11	0	0
cell_269	2	0	3	0	0	2	0	2	0	0	0	0	0	2	4	5
cell_777	0	2	0	0	0	4	2	16	4	0	0	0	0	2	0	0
cell_86	0	0	0	5	0	0	0	7	0	0	0	3	3	2	0	0
cell_790	0	0	0	0	2	4	2	2	0	2	0	0	0	2	9	0
cell_1024	0	0	0	0	5	0	2	5	0	0	3	12	2	2	0	0
cell_245	5	0	0	0	0	0	0	0	0	2	10	0	0	0	0	0
cell_260	0	0	3	0	8	2	3	2	0	0	0	0	0	2	0	5
cell_372	0	0	3	2	4	2	8	0	0	0	5	0	0	2	0	0
cell_941	0	0	0	5	0	0	2	0	3	0	0	2	0	2	0	4
cell_167	0	0	2	4	5	0	0	4	0	2	0	0	0	2	0	0
cell_621	0	4	0	0	0	0	0	0	0	0	0	0	0	2	0	0
cell_792	0	0	0	0	0	4	2	2	0	2	0	0	0	2	9	0
cell_1016	0	0	0	0	5	0	2	0	0	0	0	12	2	2	0	0
cell_421	0	0	3	2	2	2	0	0	0	0	0	0	0	2	0	2
cell_724	2	0	0	2	0	2	0	2	5	0	0	0	0	0	0	0
cell_541	0	4	0	0	2	0	0	0	12	0	0	14	0	0	0	0
cell_590	2	4	0	0	0	0	0	0	0	0	0	2	0	0	0	0
cell_706	2	0	0	2	0	2	0	0	0	0	0	3	0	0	0	0
cell_555	0	4	0	0	0	0	0	15	0	0	0	0	0	0	2	0
cell_780	0	2	0	0	0	4	2	16	4	0	0	0	0	2	0	0
cell_962	0	0	0	0	0	0	2	0	4	0	21	0	0	2	0	0
cell_148	0	0	0	4	0	0	0	0	0	2	5	0	5	0	0	0
cell_303	0	2	3	0	2	2	0	0	0	0	0	0	2	2	0	0
cell_51	3	0	0	0	0	2	0	0	0	0	5	0	0	0	0	0
cell_773	0	2	0	2	0	4	2	3	0	0	2	0	0	2	0	0
cell_132	3	2	0	4	0	0	0	0	0	0	2	0	0	0	0	0
cell_977	0	0	0	0	0	0	2	0	0	0	5	2	0	2	0	0
cell_907	0	0	2	5	0	0	2	0	0	0	0	0	0	2	0	0
cell_625	0	4	0	0	2	2	10	0	0	0	0	0	0	0	0	0
cell_118	0	0	0	5	0	0	0	0	0	0	2	0	0	0	0	0
cell_559	0	4	0	0	0	0	0	0	0	0	0	2	0	0	0	0
cell_209	0	2	2	0	0	2	0	5	0	0	2	0	0	0	0	2
cell_95	0	2	0	5	0	0	0	0	0	0	0	3	0	2	0	0
cell_230	0	0	0	0	0	0	0	0	0	0	0	0	0	0	0	0
cell_691	2	0	0	0	0	0	0	0	0	0	5	0	0	5	0	2
cell_591	2	4	0	0	0	0	0	0	0	0	2	2	0	0	0	0
cell_176	2	0	2	0	5	0	0	0	0	2	0	2	0	5	0	0
cell_309	0	0	3	0	0	2	0	0	0	2	0	0	0	2	0	2
cell_112	0	0	3	5	0	0	0	5	0	0	2	0	0	0	0	0
cell_67	0	0	0	5	0	0	0	2	0	0	0	3	0	0	0	0
cell_735	2	0	0	2	0	2	0	2	0	0	0	0	0	3	0	0
cell_383	0	0	3	2	0	2	8	2	0	0	0	0	0	2	3	0
cell_54	0	0	0	0	2	2	0	0	0	0	2	0	0	0	0	0
cell_53	0	0	0	0	2	2	0	0	0	0	2	0	0	0	0	0
cell_92	5	2	0	5	14	5	110	2	0	0	0	3	0	2	0	0
cell_89	0	2	0	5	14	5	0	2	0	0	0	3	0	2	0	0
cell_395	0	0	3	0	0	2	0	11	0	0	0	2	0	2	0	0
cell_536	0	4	0	0	0	0	0	0	0	0	0	0	0	0	0	0
cell_373	0	0	3	2	0	2	8	0	4	0	0	0	0	2	0	0
cell_334	0	2	3	5	2	2	8	3	0	3	0	0	0	2	0	8
cell_139	0	0	0	4	0	0	0	0	0	0	2	0	0	0	0	0
cell_235	0	0	0	0	0	0	0	0	0	0	0	0	0	2	0	0
cell_967	0	0	3	0	0	0	2	0	0	0	21	0	0	2	0	0
cell_727	2	2	0	2	0	2	0	2	0	0	0	0	0	2	0	5
cell_272	2	0	3	0	0	2	0	2	0	0	0	0	0	2	4	5
cell_277	0	0	3	2	0	2	2	0	0	0	0	0	6	2	0	5
cell_161	2	2	2	4	5	5	0	4	0	2	0	0	0	0	0	0
cell_688	2	0	0	93	0	0	0	0	0	0	11	0	0	5	0	2
cell_216	2	2	2	0	0	0	0	0	0	0	3	0	0	0	0	2
cell_399	0	0	3	0	0	2	0	0	0	0	0	2	0	2	0	2
cell_1006	2	0	0	2	5	0	2	0	0	0	4	12	2	2	0	0
cell_710	2	0	0	2	0	2	0	0	0	3	0	3	5	0	0	0
cell_328	0	0	3	0	0	2	8	0	0	0	0	0	0	2	2	0
cell_944	0	0	0	5	0	4	2	0	3	0	0	2	0	2	0	4
cell_828	2	0	56	0	0	4	2	0	0	0	9	0	5	2	0	0
cell_676	2	0	29	93	0	0	0	0	0	0	0	2	0	5	0	2
cell_766	2	0	0	2	3	2	0	0	0	0	0	2	0	0	0	3
cell_25	2	0	0	0	0	0	0	0	0	4	0	0	0	0	0	0
cell_552	4	4	0	0	0	0	0	0	0	0	0	0	0	0	0	0
cell_498	0	0	3	3	0	2	2	2	0	0	0	0	0	2	2	2
cell_291	13	2	3	0	5	2	0	0	2	0	0	0	0	2	0	0
cell_91	5	2	0	5	14	5	110	2	0	0	0	3	0	2	0	0
cell_441	0	0	3	0	2	2	0	2	0	3	0	2	0	2	5	0
cell_661	2	5	0	0	0	0	0	0	0	0	0	0	0	0	0	2
cell_900	0	2	2	5	0	0	2	29	0	0	0	0	0	2	0	0
cell_974	0	0	0	0	0	0	2	0	2	0	21	2	0	2	0	0
cell_496	5	0	3	0	0	2	0	0	0	0	0	0	0	2	0	0
cell_569	0	4	0	8	2	0	0	0	0	0	0	0	0	0	0	0
cell_909	0	0	2	5	0	0	2	0	5	0	0	0	2	2	2	0
cell_348	2	0	3	0	0	2	8	0	0	9	0	0	0	2	0	13
cell_215	2	2	2	0	0	0	0	0	0	0	3	0	0	0	0	2
cell_822	2	2	0	0	0	4	2	0	4	0	4	0	5	2	2	0
cell_475	0	0	3	0	2	2	0	0	0	0	3	0	8	2	0	0
cell_1007	2	0	0	2	5	0	2	0	0	0	0	12	2	2	0	0
cell_872	0	10	0	0	8	4	2	0	0	5	0	0	0	2	0	0
cell_257	0	0	3	0	8	2	3	2	0	0	0	0	0	2	0	5
cell_169	2	0	2	0	5	2	0	0	0	2	0	2	0	0	0	0
cell_294	0	2	3	0	5	2	0	0	2	0	0	0	0	2	4	0
cell_715	2	2	3	2	0	2	0	0	0	5	0	0	0	0	0	0
cell_382	0	0	3	2	0	2	8	2	0	0	0	0	0	2	3	0
cell_798	0	0	0	0	0	4	2	0	0	2	0	0	0	2	0	0
cell_943	0	0	0	5	0	4	2	0	3	0	0	2	0	2	0	4
cell_273	0	0	3	0	0	2	2	0	2	0	0	0	0	2	0	5
cell_567	0	4	0	2	0	0	2	0	0	0	0	0	0	0	2	0
cell_775	0	2	0	2	0	4	2	3	0	0	2	0	0	2	5	0
cell_599	0	4	0	0	0	0	0	0	2	0	0	0	0	0	9	0
cell_893	0	10	0	0	8	4	2	0	0	5	0	0	0	2	0	0
cell_988	0	0	0	0	0	0	2	0	0	0	5	0	0	2	0	0
cell_313	0	4	3	0	0	2	0	0	0	0	0	0	0	2	0	0
cell_116	0	0	0	5	0	0	0	0	0	0	2	0	0	0	0	0
cell_526	0	4	0	0	0	0	0	0	0	0	0	0	0	0	4	0
cell_420	0	0	3	0	2	2	0	0	0	0	0	0	0	2	0	2
cell_537	0	4	0	0	0	0	0	0	0	0	0	0	0	0	0	19
cell_651	2	0	0	0	0	0	0	0	0	5	0	0	0	0	0	2
cell_297	0	2	3	2	0	2	0	0	0	0	0	0	2	2	0	0
cell_500	0	0	3	3	0	2	2	2	0	0	0	0	0	2	2	2
cell_493	5	0	3	0	0	2	0	0	0	0	0	0	0	2	0	0
cell_255	0	0	0	0	2	0	0	0	0	0	124	0	0	0	0	0
cell_603	0	4	0	0	0	0	0	0	0	0	2	0	0	11	0	0
cell_405	0	0	3	0	2	2	5	3	3	2	0	2	0	2	0	0
cell_741	2	0	0	2	0	0	0	0	0	0	0	0	0	0	0	3
cell_850	0	10	0	0	8	4	2	2	0	0	0	0	0	2	0	2
cell_849	0	10	0	0	8	4	2	2	0	0	0	0	0	2	0	2
cell_226	0	0	0	0	0	0	0	0	0	0	0	0	0	0	0	2
cell_894	0	10	0	0	8	4	2	0	0	5	0	0	0	2	0	0
cell_540	0	4	0	0	0	0	0	0	0	0	0	3	0	0	0	0
cell_976	0	0	2	2	0	0	2	0	2	0	21	0	2	2	0	0
cell_734	2	0	0	2	0	2	0	2	0	0	0	0	0	3	0	0
cell_572	0	4	0	8	2	0	0	0	0	0	0	0	0	0	0	0
cell_530	0	4	15	0	0	0	2	4	0	0	0	0	0	0	0	0
cell_119	0	0	0	5	0	0	0	0	0	0	2	0	0	0	0	0
cell_971	0	0	0	0	0	0	2	0	2	0	21	0	0	2	0	0
cell_951	0	0	5	5	0	0	2	0	0	0	0	0	0	2	2	4
cell_321	0	0	3	0	0	2	8	5	0	0	0	0	0	2	0	0
cell_94	0	2	0	5	0	0	0	0	0	0	0	3	0	2	0	0
cell_223	0	2	2	2	0	0	0	0	0	0	5	0	0	0	0	2
cell_853	0	10	0	0	8	4	2	2	0	0	0	0	0	2	0	10
cell_386	0	0	3	0	0	2	0	0	0	5	0	2	0	2	0	0
cell_729	2	0	2	2	2	2	0	2	0	0	6	0	0	3	0	0
cell_409	0	2	3	0	0	2	0	0	3	0	0	2	0	2	0	0
cell_1008	2	0	0	2	5	0	2	0	0	0	0	12	2	2	0	0
cell_683	2	0	2	93	0	0	0	0	0	0	0	0	0	5	0	2
cell_948	0	0	5	5	0	0	2	0	0	0	0	0	0	2	2	4
cell_448	0	0	3	0	2	2	0	2	0	0	0	0	0	2	5	0
cell_657	2	2	0	0	0	0	0	0	0	0	0	0	0	0	0	2
cell_663	2	5	0	0	0	0	0	0	0	0	0	5	0	0	0	2
cell_279	0	0	3	2	0	2	2	2	0	0	0	0	0	2	0	5
cell_444	0	0	3	0	2	2	0	2	0	3	0	2	0	2	5	0
cell_963	0	0	2	0	0	0	2	0	4	0	21	0	0	2	0	0
cell_725	2	2	0	2	0	2	0	2	5	0	0	0	15	0	0	0
cell_681	2	0	2	93	0	0	0	0	2	0	2	0	0	5	0	2
cell_684	2	0	2	93	0	0	0	0	0	0	0	0	0	5	0	2
cell_901	0	2	2	5	2	0	2	29	0	0	2	0	0	2	0	0
cell_310	0	0	3	0	0	2	0	0	0	2	0	0	0	2	0	2
cell_48	0	2	0	2	0	0	0	5	0	2	0	0	2	0	0	0
cell_640	0	4	0	2	0	0	10	0	0	0	0	2	0	0	0	0
cell_995	0	0	0	0	5	0	2	0	0	0	0	12	2	2	0	0
cell_566	0	4	0	2	0	0	0	2	0	0	0	0	0	0	2	0
cell_417	0	0	3	0	2	2	0	0	0	0	0	0	0	2	0	2
cell_14	0	0	0	7	0	0	0	0	19	4	0	0	2	3	0	0
cell_109	0	0	3	5	6	0	0	5	0	0	2	0	0	0	0	0
cell_113	0	0	0	5	0	0	0	0	0	0	2	0	0	0	0	0
cell_208	0	0	2	0	0	0	0	0	0	0	0	4	0	0	0	2
cell_802	2	0	0	2	0	4	2	0	14	0	0	0	0	2	0	0
cell_353	0	0	3	0	2	2	8	0	0	13	0	0	0	2	0	15
cell_517	0	4	0	0	0	0	0	0	2	0	0	4	0	0	0	0
cell_1018	0	3	5	0	5	0	2	5	0	0	0	12	2	2	0	5
cell_274	0	0	3	0	0	2	2	0	2	0	0	0	0	2	0	5
cell_678	2	0	29	93	0	0	0	0	0	0	0	0	0	5	0	2
cell_788	2	2	0	0	0	4	2	2	0	2	0	0	0	2	0	0
cell_145	0	0	0	4	0	0	0	0	0	2	5	0	5	0	3	0
cell_388	0	0	3	0	0	2	0	0	0	0	0	2	2	2	0	0
cell_246	5	0	0	0	0	0	0	0	0	2	10	0	0	0	0	0
cell_134	3	0	0	4	0	0	0	5	0	2	2	0	0	0	0	2
cell_508	0	0	3	3	0	2	0	0	0	0	2	0	0	2	0	2
cell_707	2	0	0	2	0	2	0	0	0	0	0	3	0	0	0	8
cell_98	0	0	0	5	0	5	3	0	0	0	0	5	0	0	0	0
cell_485	0	0	3	0	5	2	0	2	0	0	0	0	0	2	0	0
cell_49	0	0	0	0	0	2	0	0	0	0	5	5	15	0	0	0
cell_183	2	0	2	0	5	2	0	0	0	0	2	20	0	4	0	0
cell_743	2	0	0	2	0	0	0	0	0	0	0	0	0	0	0	3
cell_713	2	0	0	2	0	2	0	0	0	5	0	0	0	0	0	0
cell_440	0	11	3	0	2	2	4	2	0	0	2	0	0	2	5	0
cell_1012	0	0	0	0	5	0	2	0	26	0	0	12	2	2	0	0
cell_206	0	0	2	0	2	0	0	0	0	0	0	0	0	0	0	2
cell_110	0	0	3	5	6	0	0	5	0	0	2	0	0	0	0	0
cell_330	0	2	3	0	0	2	8	0	0	0	2	0	0	2	0	2
cell_916	0	0	2	5	0	0	2	0	0	2	0	0	0	2	0	0
cell_494	5	0	3	0	0	2	0	0	0	0	0	0	0	2	0	0
cell_549	4	4	0	0	0	0	0	0	0	0	0	0	0	0	0	0
cell_168	0	0	2	4	5	0	0	4	0	2	0	0	0	2	0	0
cell_65	0	0	0	5	0	0	0	2	0	0	0	3	0	0	0	0
cell_668	2	0	0	0	0	0	0	0	0	0	0	0	2	0	0	2
cell_754	2	2	0	2	0	0	0	9	0	0	0	0	0	0	0	3
cell_155	0	0	2	4	0	0	0	0	0	0	0	0	5	0	0	0
cell_172	2	0	2	0	5	2	0	0	0	2	0	2	0	0	0	0
cell_456	0	0	3	0	0	2	0	0	0	2	0	0	2	2	0	0
cell_175	2	0	2	0	5	0	0	0	0	2	0	2	0	5	0	0
cell_282	0	0	3	0	0	2	2	2	0	0	0	0	0	2	0	5
cell_532	0	4	15	0	0	0	2	0	0	0	0	0	2	0	8	0
cell_712	2	0	0	2	0	2	0	0	0	3	0	3	0	0	0	0
cell_765	2	0	0	2	3	2	0	0	0	0	0	2	0	0	0	3
cell_527	0	4	0	0	0	0	0	0	0	0	0	0	0	0	0	0
cell_538	0	4	0	0	0	0	0	0	0	0	0	0	0	0	0	19
cell_957	0	0	5	5	0	0	2	0	0	0	0	0	0	2	2	4
cell_836	0	10	0	0	8	4	2	0	0	0	0	6	0	2	0	0
cell_955	0	0	5	5	0	0	2	0	0	0	0	0	0	2	2	4
cell_531	0	4	15	0	0	0	2	0	0	0	0	0	2	0	8	0
cell_333	0	2	3	5	2	2	8	3	0	3	0	0	0	2	0	8
cell_248	5	0	0	0	0	0	0	0	0	2	0	0	0	0	0	0
cell_293	0	2	3	0	5	2	0	0	2	0	0	0	0	2	4	0
cell_871	0	10	0	0	8	4	2	0	0	5	0	0	0	2	0	0
cell_122	0	0	0	5	0	0	0	2	0	0	2	0	0	0	0	0
cell_762	2	0	0	2	0	2	0	0	0	0	0	2	0	0	0	3
cell_254	0	0	0	0	0	0	0	0	0	0	124	0	0	0	0	0
cell_111	0	0	3	5	0	0	0	5	0	0	2	0	0	0	0	0
cell_327	0	0	3	0	0	2	8	0	0	0	0	0	0	2	2	0
cell_368	0	0	3	0	4	2	8	0	0	13	0	2	2	2	0	0
cell_1023	0	0	0	0	5	0	2	5	0	0	3	12	2	2	0	0
cell_18	0	2	0	0	0	0	0	0	0	4	0	0	2	0	0	0
cell_562	0	4	0	0	0	0	0	0	0	0	0	0	0	0	0	0
cell_863	0	10	5	0	8	4	2	2	0	0	4	0	0	2	0	0
cell_931	0	0	0	5	0	0	2	0	0	0	0	0	0	2	0	4
cell_436	0	14	3	0	2	2	0	2	0	0	0	0	0	2	5	0
cell_344	0	0	3	2	2	2	8	0	0	0	0	20	0	2	0	13
cell_451	0	0	3	0	0	2	0	0	0	0	0	0	2	2	0	0
cell_881	0	10	0	0	8	4	2	0	0	5	0	0	0	2	0	0
cell_950	0	0	5	5	0	0	2	0	0	0	0	3	3	2	2	4
cell_671	2	2	0	0	0	0	2	0	0	0	0	0	0	0	0	2
cell_351	2	0	3	0	0	2	8	0	0	0	0	0	0	2	0	13
cell_290	13	2	3	0	5	2	0	0	2	0	0	0	0	2	0	0
cell_858	0	10	5	0	8	4	2	2	0	0	4	0	5	2	0	0
cell_908	0	0	2	5	0	0	2	0	0	0	0	0	0	2	0	0
cell_288	0	0	3	0	0	2	2	0	0	0	2	0	0	2	0	5
cell_455	0	0	3	0	0	2	0	0	0	2	0	0	2	2	0	0
cell_719	2	0	0	2	0	2	0	0	0	2	2	0	5	0	0	0
cell_585	2	4	0	0	2	0	0	0	8	0	0	0	0	0	0	0
cell_491	5	0	3	0	2	2	0	0	0	0	0	0	0	2	0	0
cell_982	0	5	0	2	0	0	2	0	0	0	5	20	0	2	0	0
cell_958	0	0	5	5	0	0	2	0	0	0	0	0	0	2	2	4
cell_926	0	0	2	5	0	0	2	2	0	0	0	0	0	2	0	3
cell_312	0	0	3	0	0	2	0	0	0	0	0	0	0	2	0	2
cell_271	2	0	3	0	0	2	0	2	0	0	0	0	0	2	4	5
cell_771	0	2	0	2	0	4	2	3	0	3	2	2	0	2	0	0
cell_59	0	0	0	0	0	0	0	0	0	2	0	0	0	0	0	0
cell_866	0	10	0	0	8	4	2	0	0	5	0	0	0	2	0	0
cell_554	0	4	2	2	0	2	0	15	0	0	0	0	0	0	2	0
cell_892	0	10	0	0	8	4	2	0	0	5	0	0	0	2	0	0
cell_160	0	0	0	4	0	5	0	0	0	0	0	0	5	0	0	0
cell_891	0	10	0	0	8	4	2	0	0	5	0	0	0	2	0	0
cell_128	0	0	0	5	0	0	0	2	0	0	2	0	0	0	0	0
cell_662	2	5	0	0	0	0	0	0	0	0	0	0	0	0	0	2
cell_989	2	0	4	0	0	0	2	2	0	0	5	0	0	2	0	0
cell_519	0	4	0	0	0	0	0	0	2	0	0	4	0	0	0	0
cell_228	0	0	0	0	0	0	0	0	0	0	0	0	2	0	0	2
cell_525	0	4	0	0	0	0	0	0	0	0	0	0	0	0	4	0
cell_100	0	0	0	5	0	5	3	0	0	0	0	5	0	0	0	0
cell_213	2	2	2	0	0	0	0	3	0	0	0	0	0	2	0	2
cell_469	0	2	3	0	2	2	0	0	0	0	0	0	2	2	0	0
cell_756	2	2	0	2	0	0	0	0	0	0	0	0	0	0	0	3
cell_181	2	0	2	0	5	0	0	0	0	0	0	20	0	4	0	0
cell_178	2	0	2	4	5	0	0	0	0	0	0	0	0	4	0	0
cell_1017	0	3	5	0	5	0	2	5	0	0	0	12	2	2	0	5
cell_987	0	0	0	0	0	0	2	0	0	0	5	0	0	2	0	0
cell_365	0	0	3	0	0	2	8	0	0	13	0	2	0	2	0	0
cell_615	0	4	0	5	0	0	0	0	0	0	0	0	0	2	0	0
cell_922	0	0	2	5	0	0	2	0	0	0	0	0	0	2	0	0
cell_601	0	4	0	0	0	0	0	0	0	0	2	0	0	11	0	0
cell_613	0	4	0	5	0	0	0	0	0	0	0	2	0	2	0	0
cell_300	2	2	3	2	0	2	0	0	0	0	0	0	2	2	0	0
cell_266	0	0	3	0	0	2	0	2	0	0	0	0	0	2	4	5
cell_949	0	0	5	5	0	0	2	0	0	0	0	3	3	2	2	4
cell_600	0	4	0	0	0	0	0	0	2	0	0	0	0	0	9	0
cell_547	4	4	0	0	0	0	0	0	0	0	0	0	0	0	0	0
cell_561	0	4	0	0	0	0	0	0	0	0	0	0	0	0	0	0
cell_17	0	2	0	0	0	0	0	0	0	4	0	0	2	0	0	0
cell_799	0	0	0	0	0	4	2	0	0	2	0	0	0	2	0	0
cell_315	0	4	3	0	0	2	0	0	0	3	0	0	0	2	0	0
cell_670	2	2	0	4	0	0	0	0	0	0	0	0	0	0	0	2
cell_927	0	0	2	5	0	0	2	0	0	0	0	0	0	2	0	0
cell_834	12	10	0	0	8	4	2	0	0	0	0	6	0	2	0	2
cell_816	2	0	0	0	0	4	2	0	14	0	0	0	13	2	0	0
cell_570	0	4	0	8	2	0	0	0	0	0	0	0	0	0	0	0
cell_143	0	0	0	4	0	0	0	0	0	0	2	0	0	0	2	0
cell_817	2	2	0	0	2	4	2	0	0	0	4	0	5	2	0	0
cell_588	2	4	0	0	2	0	0	0	8	0	0	0	0	0	0	0
cell_302	4	2	3	0	0	2	0	0	0	0	0	0	2	2	0	0
cell_467	0	0	3	0	2	2	0	0	0	0	0	0	0	2	0	0
cell_703	2	0	0	0	0	0	0	0	3	0	0	0	0	5	0	2
cell_528	0	4	0	0	0	0	0	0	0	0	0	0	0	0	0	0
cell_862	0	10	5	0	8	4	2	2	0	0	4	0	0	2	0	0
cell_840	0	10	0	0	8	4	2	0	0	0	0	0	0	2	0	20
cell_210	0	2	2	0	0	2	0	5	0	0	2	0	0	0	0	2
cell_544	0	4	0	0	0	0	0	0	12	0	0	0	0	0	0	0
cell_236	0	0	0	0	0	0	0	0	0	0	0	0	0	2	0	0
cell_960	0	0	5	5	0	0	2	0	0	0	0	0	0	2	2	4
cell_524	0	4	0	0	0	0	0	0	0	0	0	3	0	0	0	0
cell_446	0	3	3	0	2	2	0	2	0	5	0	0	0	2	5	0
cell_875	0	10	2	0	8	4	2	0	0	5	0	0	0	2	0	0
cell_959	0	0	5	5	0	0	2	0	0	0	0	0	0	2	2	4
cell_174	2	0	2	0	5	0	0	3	0	2	0	2	0	0	0	0
cell_783	0	2	0	0	0	4	2	16	0	3	0	0	0	2	0	0
cell_981	0	5	0	2	0	0	2	0	0	0	5	20	0	2	0	0
cell_650	2	8	0	0	0	0	0	0	0	2	0	0	11	0	0	2
cell_917	0	0	2	5	0	0	2	0	0	2	0	0	0	2	0	0
cell_998	0	0	2	0	5	5	2	0	0	0	0	12	2	2	0	0
cell_993	0	0	0	0	5	0	2	0	0	0	0	12	2	2	0	0
cell_521	0	4	0	0	0	0	0	0	0	0	0	0	0	0	0	0
cell_133	3	0	0	4	0	0	0	5	0	2	2	0	0	0	0	2
cell_829	2	0	0	0	4	4	2	0	0	0	0	0	5	2	0	5
cell_278	0	0	3	2	0	2	2	0	0	0	0	0	6	2	0	5
cell_954	0	0	5	5	0	0	2	0	0	0	0	5	0	2	2	4
cell_286	2	0	3	0	0	2	2	0	0	0	0	0	0	2	0	5
cell_502	0	0	3	3	9	2	2	2	0	0	2	0	0	2	2	2
cell_983	0	5	0	2	0	0	2	0	0	0	5	0	0	2	0	0
cell_241	5	0	0	0	0	0	2	2	10	0	0	3	0	0	0	0
cell_389	0	0	3	0	0	2	0	0	2	0	0	2	0	2	0	0
cell_219	0	2	2	0	0	0	0	0	0	2	5	0	0	0	0	2
cell_1014	0	0	0	0	5	0	2	0	0	0	0	12	2	2	0	0
cell_242	5	0	0	0	0	0	2	2	10	0	0	3	0	0	0	0
cell_774	0	2	0	2	0	4	2	3	0	0	2	0	0	2	0	0
cell_158	0	0	0	4	0	5	0	0	0	0	0	0	5	0	0	0
cell_966	0	0	3	0	0	2	2	0	0	0	21	0	0	2	0	0
cell_733	2	0	0	2	0	2	0	2	0	0	0	0	0	3	0	0
cell_285	2	0	3	0	0	2	2	0	0	0	0	0	0	2	0	5
cell_604	0	4	0	0	0	0	0	0	0	0	2	0	0	11	0	0
cell_166	0	0	2	4	5	0	0	4	0	2	0	0	0	2	0	0
cell_772	0	2	0	2	0	4	2	3	0	3	2	2	0	2	0	0
cell_887	0	10	0	0	8	4	2	0	0	5	0	0	0	2	0	0
cell_1020	0	0	5	0	5	0	2	5	0	0	0	12	2	2	0	0
cell_141	0	0	0	4	0	0	0	0	0	0	2	0	0	0	2	0
cell_516	0	4	2	0	0	0	5	26	0	0	0	4	0	0	0	0
cell_664	2	5	0	0	0	0	0	0	0	0	0	5	0	0	0	2
cell_737	2	0	0	2	0	0	0	0	0	0	0	0	0	0	0	3
cell_130	3	0	3	4	0	0	0	0	0	0	2	0	0	0	0	0
cell_275	0	0	3	0	0	2	2	0	2	0	0	0	0	2	2	5
cell_2	0	0	2	0	0	0	0	0	19	4	0	2	2	0	0	0
cell_256	0	0	0	0	2	0	0	0	0	0	124	0	0	0	0	0
cell_624	0	4	0	0	0	0	0	0	0	0	0	0	0	2	0	0
cell_539	0	4	0	0	0	0	0	0	0	0	0	3	0	0	0	0
cell_791	0	0	0	0	0	4	2	2	0	2	0	0	0	2	9	0
cell_602	0	4	0	0	0	0	0	0	0	0	2	0	0	11	0	0
cell_251	14	0	0	10	0	0	0	0	0	0	0	0	0	5	0	0
cell_123	0	0	0	5	4	0	0	2	0	0	2	0	0	0	0	0
cell_227	0	0	0	0	0	0	0	0	0	0	0	0	2	0	0	2
cell_191	0	0	2	0	5	0	0	0	0	0	0	0	0	4	0	2
cell_781	0	2	0	0	0	4	2	16	8	3	0	27	0	2	0	0
cell_778	0	2	0	0	0	4	2	16	4	0	0	0	0	2	0	0
cell_5	0	0	0	0	0	0	2	0	19	4	0	0	2	0	0	3
cell_1003	2	0	97	0	5	0	2	0	0	3	0	12	2	2	0	0
cell_156	0	0	2	4	0	0	0	0	0	0	0	0	5	0	0	0
cell_479	0	0	3	0	2	2	0	0	0	0	0	0	8	2	0	0
cell_423	0	0	3	2	2	2	0	0	0	0	0	0	0	2	0	2
cell_992	2	0	0	0	0	0	2	0	0	0	5	3	0	2	0	0
cell_586	2	4	0	0	2	0	0	0	8	0	0	0	0	0	0	0
cell_488	0	0	3	0	0	2	0	0	0	56	5	0	0	2	0	0
cell_711	2	0	0	2	0	2	0	0	0	3	0	3	0	0	0	0
cell_322	0	0	3	0	0	2	8	5	0	0	0	0	0	2	0	0
cell_876	0	10	2	0	8	4	2	0	0	5	0	0	0	2	0	0
cell_825	2	0	56	0	0	4	2	0	0	0	0	0	5	2	0	0
cell_749	2	4	0	2	0	0	0	0	0	0	0	0	0	0	0	3
cell_345	2	0	3	0	0	2	8	0	0	9	0	0	0	2	0	13
cell_913	5	0	2	5	0	0	2	0	0	2	4	0	0	2	0	0
cell_946	0	0	5	5	0	0	2	0	0	0	0	0	0	2	2	4
cell_693	2	0	2	0	2	0	0	0	5	0	0	0	0	5	0	2
cell_808	2	0	0	0	0	4	2	5	14	2	0	0	0	2	0	0
cell_407	0	0	3	0	0	2	5	3	3	2	0	2	0	2	0	0
cell_763	2	0	0	2	0	2	0	0	0	0	8	2	0	0	0	3
cell_126	0	0	0	5	0	0	0	2	0	0	2	0	0	0	0	0
cell_626	0	4	0	0	2	2	10	0	0	0	0	0	0	0	0	0
cell_179	2	0	2	0	5	0	0	0	0	0	2	0	0	4	0	0
cell_920	0	0	2	5	0	0	2	0	0	2	0	0	0	2	0	0
cell_62	0	0	0	0	0	0	0	0	0	2	0	0	0	0	0	0
cell_358	2	0	3	0	2	2	8	0	0	13	0	0	0	2	0	15
cell_193	5	0	2	0	0	0	0	0	2	0	0	0	2	0	0	2
cell_198	0	0	2	4	0	0	2	0	0	0	2	0	2	0	0	2
cell_484	0	0	3	0	0	2	0	0	0	0	0	0	0	2	0	0
cell_750	2	4	0	2	0	0	0	0	0	0	0	0	0	0	0	3
cell_575	0	4	0	8	0	0	0	0	0	0	0	2	2	0	0	0
cell_718	2	0	0	2	0	2	0	0	0	2	0	0	5	0	0	0
cell_843	0	10	0	2	8	4	2	0	0	0	0	0	0	2	0	0
cell_239	0	0	0	0	0	0	0	0	0	0	5	0	0	2	0	0
cell_870	0	10	0	0	8	4	2	11	0	5	0	0	0	2	0	0
cell_222	0	2	2	2	0	0	0	0	0	0	5	0	0	0	0	2
cell_805	2	0	0	0	0	4	2	0	14	0	0	0	0	2	0	0
cell_218	0	2	2	0	0	0	0	22	0	0	5	0	0	0	0	2
cell_414	0	0	3	5	5	2	5	0	3	0	0	2	0	2	0	0
cell_79	0	0	0	5	0	0	0	2	0	0	0	3	0	0	0	0
cell_939	0	0	0	5	0	0	2	0	0	0	0	0	0	2	0	4
cell_457	0	0	3	0	0	2	2	8	5	0	0	0	2	2	0	0
cell_669	2	2	0	4	0	0	0	0	0	0	0	0	0	0	0	2
