V1	V2	V3	V4	V5	V6	V7	V8	V9	V10	V11	V12	V13	V14	V15	V16
cell_376	10	2	0	15	2	2	2	2	0	2	0	5	2	2	2	5
cell_361	10	5	0	2	2	2	2	2	14	2	0	5	2	2	2	5
cell_449	0	0	0	0	2	2	0	2	5	0	0	5	2	2	2	5
cell_319	0	2	0	0	2	2	2	2	2	0	0	0	2	0	2	5
cell_393	4	2	0	0	2	0	0	2	12	0	0	2	0	0	2	5
cell_48	0	3	0	0	0	0	2	2	5	2	0	2	24	0	2	5
cell_643	0	21	5	2	0	0	0	0	0	2	2	0	0	0	0	10
cell_698	2	0	2	0	8	5	2	2	0	2	2	11	0	0	0	2
cell_612	4	3	0	0	0	0	2	0	0	2	2	0	2	5	2	2
cell_978	3	0	2	2	0	10	2	0	2	2	2	0	0	5	2	0
cell_2	0	3	0	2	0	0	2	2	0	0	3	2	0	0	2	5
cell_967	0	2	2	2	2	0	2	0	0	2	2	0	6	0	2	0
cell_95	0	3	0	0	0	2	2	2	2	0	0	0	0	0	2	5
cell_660	0	0	0	0	0	0	0	0	0	2	2	0	2	0	0	0
cell_16	4	3	0	2	2	0	2	2	0	0	3	2	0	0	2	5
cell_991	2	0	2	2	0	0	2	0	2	2	0	39	0	0	2	2
cell_726	0	0	0	0	2	2	2	0	0	2	2	0	0	0	0	4
cell_735	0	0	0	0	0	2	0	0	0	2	2	0	0	0	0	0
cell_271	2	2	0	0	2	2	2	2	0	22	2	0	2	0	2	5
cell_61	0	3	2	0	0	2	2	2	0	48	0	2	0	0	2	5
cell_288	0	2	2	0	2	2	2	2	0	3	2	0	2	0	2	5
cell_9	4	3	0	2	5	0	2	2	5	0	3	2	0	2	2	5
cell_39	0	3	0	0	0	0	2	2	0	2	0	2	2	0	2	5
cell_980	3	0	2	2	0	10	2	0	2	2	2	0	0	0	2	8
cell_696	0	0	0	0	3	0	0	2	0	2	2	0	0	0	0	2
cell_43	0	3	0	0	0	0	2	2	5	2	2	2	0	0	2	5
cell_719	3	0	21	0	0	2	0	0	0	2	2	2	2	0	2	0
cell_269	2	2	0	2	2	2	2	2	2	22	2	14	2	2	2	5
cell_738	2	0	0	0	2	0	2	0	0	2	2	5	0	0	2	2
cell_701	0	0	2	0	0	0	2	2	0	2	2	11	0	0	0	2
cell_251	0	0	5	0	2	5	2	2	0	0	0	0	0	4	2	5
cell_681	0	5	0	0	0	0	0	2	0	2	2	2	3	0	2	0
cell_190	5	0	0	0	2	2	2	2	5	0	0	0	0	4	2	5
cell_318	0	2	0	0	2	2	2	2	2	0	0	0	2	2	2	5
cell_387	4	0	0	0	2	2	0	2	0	2	2	2	2	48	2	5
cell_463	0	0	0	0	2	2	0	2	0	0	0	5	2	2	2	5
cell_512	0	2	6	0	2	2	0	2	0	0	0	5	2	0	2	5
cell_690	0	0	2	0	2	0	2	2	0	2	2	0	0	0	0	0
cell_377	10	0	0	0	2	2	2	2	4	2	0	5	2	2	2	5
cell_258	2	2	83	0	2	2	2	2	2	2	2	3	2	2	2	5
cell_684	0	5	0	0	0	0	0	2	0	2	2	2	0	0	2	0
cell_657	0	0	0	0	0	0	0	0	0	2	2	0	2	0	0	0
cell_132	0	0	2	0	0	5	2	2	20	0	2	0	0	4	2	5
cell_448	0	2	0	6	2	2	0	2	5	0	0	2	2	0	2	5
cell_610	4	3	0	0	13	0	2	0	0	2	2	0	2	5	2	2
cell_194	0	0	0	3	2	0	2	2	2	0	0	2	2	4	2	5
cell_532	2	0	34	0	2	2	3	0	9	2	0	12	2	0	0	0
cell_69	0	3	0	0	0	2	2	2	2	0	0	3	25	0	2	5
cell_506	0	2	6	0	2	2	0	2	0	0	0	5	2	0	2	5
cell_107	2	3	17	0	0	2	2	2	2	0	0	0	0	0	2	5
cell_541	2	5	0	0	0	2	3	2	9	2	0	12	2	0	0	0
cell_807	0	0	2	0	0	0	2	2	2	2	2	2	5	2	2	8
cell_380	10	0	2	0	2	2	2	2	4	2	0	5	2	2	2	5
cell_734	0	0	0	3	0	2	0	0	0	2	2	0	0	0	0	0
cell_21	0	3	0	2	0	2	2	2	2	0	3	2	0	10	2	5
cell_864	0	0	2	0	0	0	2	0	0	2	2	2	2	2	2	8
cell_419	0	0	0	0	2	0	0	2	5	2	4	2	0	0	2	5
cell_388	4	0	0	0	2	2	0	2	0	2	2	2	2	48	2	5
cell_545	3	7	0	0	0	0	0	0	0	2	2	0	2	0	2	2
cell_655	0	0	5	2	0	2	2	0	2	2	2	0	0	0	0	0
cell_91	0	3	0	0	0	2	2	2	2	0	0	0	0	0	2	5
cell_294	0	2	0	0	2	2	2	2	2	2	2	0	2	0	2	5
cell_727	0	0	0	0	0	2	2	11	0	2	2	0	0	0	0	0
cell_1	0	3	0	2	0	0	2	2	0	0	3	2	0	0	2	5
cell_469	0	0	0	2	2	2	5	2	0	3	0	5	2	0	2	5
cell_459	0	0	0	0	2	2	0	2	0	0	0	5	2	2	2	5
cell_334	10	0	3	0	2	2	2	2	2	2	0	5	2	0	2	5
cell_540	2	0	0	0	0	2	3	2	9	2	0	12	2	0	0	0
cell_78	2	3	0	0	0	2	2	2	2	0	0	3	0	0	2	5
cell_641	0	0	5	2	0	0	0	0	0	2	2	0	0	0	0	10
cell_218	2	5	0	3	0	0	2	2	2	3	2	2	0	4	2	5
cell_53	0	3	2	5	0	0	2	2	0	0	0	2	0	0	2	5
cell_619	4	3	5	0	0	0	2	0	2	2	2	0	2	0	2	2
cell_966	0	2	2	2	2	0	2	0	0	2	0	0	6	0	2	0
cell_822	0	3	2	2	0	2	2	0	2	2	0	2	0	2	2	8
cell_3	0	3	0	2	0	0	2	2	0	0	3	2	0	0	2	5
cell_798	2	0	2	0	0	0	2	0	2	2	0	2	0	2	2	8
cell_24	0	3	0	2	0	2	2	2	2	0	3	2	0	10	2	5
cell_113	2	3	0	2	0	2	2	2	2	0	0	0	0	0	2	5
cell_941	0	0	2	0	2	0	2	36	0	2	3	2	0	0	2	0
cell_937	0	0	2	0	2	0	2	36	0	2	3	0	0	0	2	0
cell_835	2	5	2	0	0	0	2	0	0	2	2	2	2	2	2	8
cell_639	4	0	0	0	2	0	2	2	0	2	2	2	2	0	2	2
cell_382	10	0	0	0	2	2	2	2	2	2	0	5	2	2	2	5
cell_952	0	4	2	0	2	0	2	12	0	2	0	0	0	5	2	0
cell_114	2	3	0	2	0	2	2	2	2	0	0	0	0	0	2	5
cell_149	0	0	0	0	0	5	2	2	0	0	2	0	0	4	2	5
cell_282	2	2	2	0	2	2	2	2	0	85	2	2	2	0	2	5
cell_317	0	2	0	0	2	2	2	2	2	0	0	0	2	2	2	5
cell_350	10	0	0	0	2	2	2	2	2	2	2	5	2	14	2	5
cell_757	0	0	0	0	2	0	0	2	0	2	2	0	0	2	2	0
cell_632	4	5	0	0	0	3	2	0	0	2	2	2	2	0	2	2
cell_51	0	3	2	5	0	0	2	2	0	0	0	2	12	0	2	5
cell_400	4	0	0	0	2	2	0	2	0	8	0	2	0	0	2	5
cell_374	10	2	0	15	2	2	2	2	0	2	0	5	2	2	2	5
cell_566	0	0	0	0	0	3	0	0	0	2	0	3	2	5	145	0
cell_874	0	0	2	0	0	0	2	0	2	2	2	2	2	2	2	8
cell_602	0	0	0	5	0	0	2	0	0	2	0	0	2	3	2	2
cell_344	10	0	2	2	2	2	2	2	2	2	0	5	2	2	2	5
cell_854	0	0	2	0	0	2	2	0	0	2	2	2	2	2	2	8
cell_792	0	5	2	38	0	0	2	0	0	2	0	2	0	2	2	8
cell_270	2	2	0	2	2	2	2	2	2	22	2	14	2	2	2	5
cell_897	0	0	2	5	5	0	2	0	2	2	2	0	0	0	2	2
cell_921	8	0	2	0	0	2	2	0	0	2	2	0	0	0	2	0
cell_302	2	2	23	3	2	2	2	2	2	0	0	3	2	0	2	5
cell_830	0	0	2	2	0	0	2	0	2	2	0	2	0	2	2	8
cell_810	2	5	2	0	2	0	2	0	2	2	0	2	0	2	2	8
cell_744	0	0	0	26	2	13	0	0	0	2	2	0	5	0	2	0
cell_324	10	0	0	0	2	2	2	2	2	2	0	5	2	5	2	5
cell_260	2	2	83	0	2	2	2	2	2	2	2	0	2	0	2	5
cell_232	0	0	0	3	0	2	2	2	0	0	0	0	5	4	2	5
cell_823	0	0	2	0	0	0	2	0	2	2	0	2	0	2	2	8
cell_787	0	0	2	0	0	0	2	0	0	2	0	2	2	2	2	8
cell_782	0	8	2	0	0	2	2	0	0	2	2	2	0	2	2	8
cell_37	2	3	0	0	0	0	2	2	0	2	0	2	2	0	2	5
cell_320	0	2	0	0	2	2	2	2	2	0	0	0	2	0	2	5
cell_516	0	0	16	0	9	0	3	0	0	2	35	0	2	0	2	5
cell_486	2	0	2	0	2	2	0	2	0	2	3	0	2	0	2	5
cell_808	0	0	2	0	0	0	2	2	2	2	2	2	5	2	2	8
cell_166	0	2	0	2	0	0	2	2	0	4	0	0	0	4	2	5
cell_517	0	3	16	5	0	0	3	2	0	2	0	0	2	0	2	0
cell_571	0	0	0	0	0	3	0	0	3	2	5	0	2	5	145	2
cell_686	0	5	0	0	0	0	0	2	2	2	2	2	0	0	2	0
cell_898	0	0	2	5	5	0	2	0	2	2	2	0	0	0	2	2
cell_998	0	5	2	2	0	0	2	0	2	2	0	2	0	0	2	0
cell_256	0	0	5	0	2	5	2	2	2	0	0	0	0	4	2	5
cell_979	3	0	2	2	0	10	2	0	2	2	2	0	0	0	2	8
cell_295	0	2	0	0	2	2	2	2	2	2	0	0	2	0	2	5
cell_221	0	0	0	3	0	5	2	2	2	3	2	2	0	4	2	5
cell_961	0	2	2	2	0	0	2	0	0	2	0	2	0	3	2	0
cell_818	0	0	2	4	0	0	2	0	2	2	37	2	0	2	2	8
cell_104	2	3	17	5	2	2	2	2	2	0	0	0	0	0	2	5
cell_873	0	0	2	0	0	0	2	0	2	2	2	2	2	2	2	8
cell_901	0	0	2	5	5	0	2	0	0	2	2	0	0	2	2	0
cell_398	4	0	0	0	2	0	0	2	0	8	0	2	0	0	2	5
cell_522	0	0	16	0	0	0	3	0	0	2	0	0	2	0	2	0
cell_795	2	0	2	0	0	0	2	4	2	2	0	2	0	2	2	8
cell_490	0	0	0	0	2	2	0	2	0	0	0	2	2	0	2	5
cell_323	10	0	0	0	2	2	2	2	2	2	0	5	2	5	2	5
cell_637	4	0	0	0	2	0	2	2	0	2	2	2	2	0	2	2
cell_899	0	0	2	5	5	0	2	0	2	2	2	0	0	0	2	2
cell_1003	0	8	2	2	0	0	2	0	2	2	0	0	0	5	2	0
cell_189	5	0	0	0	2	2	2	2	5	0	0	0	0	4	2	5
cell_710	2	0	0	0	0	2	0	0	0	2	2	0	2	0	0	0
cell_750	0	0	0	0	2	0	2	0	5	2	2	4	0	0	2	0
cell_224	0	0	11	3	0	5	2	2	2	3	2	2	0	4	2	5
cell_4	0	3	0	2	0	0	2	2	0	0	3	2	0	0	2	5
cell_309	3	2	0	2	2	2	2	2	2	0	0	0	2	0	2	5
cell_340	10	0	2	0	2	2	2	2	2	2	0	5	2	0	2	5
cell_519	0	3	16	5	0	0	3	0	0	2	0	0	2	0	2	0
cell_472	0	0	0	2	2	2	5	2	0	3	0	5	2	0	2	5
cell_64	0	3	2	0	0	2	2	2	0	0	0	2	0	0	2	5
cell_764	0	0	2	2	2	2	0	0	0	2	2	0	0	0	2	0
cell_40	0	3	0	0	0	0	2	2	0	2	0	2	2	0	2	5
cell_157	0	0	0	0	0	5	2	2	0	0	2	0	0	4	2	5
cell_77	2	3	0	0	0	2	2	2	2	0	0	3	0	0	2	5
cell_832	0	0	2	2	0	0	2	0	2	2	0	2	0	2	2	8
cell_705	2	0	0	0	0	2	0	0	0	2	2	0	2	5	3	0
cell_31	14	3	0	2	2	0	2	2	5	5	3	2	0	0	2	5
cell_432	0	0	2	4	2	0	0	2	5	0	0	2	0	0	2	5
cell_484	0	0	0	3	2	2	6	2	0	0	3	0	2	0	2	5
cell_353	10	0	0	2	2	2	2	2	14	2	0	5	2	2	2	5
cell_159	0	0	0	0	0	5	2	2	3	0	2	0	0	4	2	5
cell_756	0	0	0	0	2	0	0	2	0	2	2	0	2	0	2	0
cell_116	2	3	0	2	0	2	2	2	2	0	0	0	0	0	2	5
cell_1002	0	0	2	2	0	0	2	0	2	2	0	0	0	5	2	0
cell_464	0	0	0	0	2	2	0	2	0	0	0	5	2	2	2	5
cell_668	0	0	3	5	0	0	0	0	2	2	2	0	5	0	0	0
cell_869	0	0	2	0	0	0	2	0	2	2	2	2	2	2	2	8
cell_125	2	3	0	0	0	2	2	2	2	0	5	0	0	3	2	5
cell_72	0	3	0	0	0	2	2	2	2	0	0	3	25	0	2	5
cell_8	0	3	0	2	0	0	2	2	0	0	3	2	0	0	2	5
cell_1000	0	5	2	2	0	0	2	0	2	2	0	2	0	0	2	0
cell_871	0	0	2	0	2	0	2	0	2	2	2	2	2	2	2	8
cell_203	2	0	0	3	0	8	2	2	5	0	0	2	0	4	2	5
cell_557	0	3	0	0	0	0	2	3	2	2	2	2	2	0	2	2
cell_89	2	3	0	0	0	2	2	2	2	0	5	0	0	2	2	5
cell_960	0	0	2	0	2	0	2	12	0	2	0	0	0	0	2	2
cell_924	8	0	2	0	0	0	2	0	5	2	2	0	11	0	2	0
cell_38	2	3	0	0	0	0	2	2	0	2	0	2	2	0	2	5
cell_345	10	0	0	0	2	2	2	2	2	2	2	5	2	14	2	5
cell_33	0	3	0	0	0	0	2	2	0	2	0	2	2	0	2	5
cell_501	0	2	0	5	2	2	0	2	2	0	0	0	2	0	2	5
cell_49	0	3	2	5	0	0	2	2	0	0	0	2	12	3	2	5
cell_148	0	0	0	0	2	5	2	2	0	3	2	0	0	4	2	5
cell_262	2	2	0	0	2	2	2	2	0	2	2	0	2	2	2	5
cell_611	4	3	0	0	0	0	2	0	0	2	2	0	2	5	2	2
cell_644	0	21	5	2	0	0	0	0	0	2	2	0	0	0	0	10
cell_298	2	2	23	3	2	2	2	2	2	0	0	3	2	0	2	5
cell_982	2	2	2	2	0	10	2	0	2	2	0	0	0	0	2	0
cell_441	0	0	0	0	2	0	0	2	5	0	0	2	0	0	2	5
cell_494	0	0	0	0	2	2	0	2	0	0	0	0	2	0	2	5
cell_26	0	3	0	2	0	0	2	2	0	5	3	2	0	0	2	5
cell_386	4	0	0	0	2	2	0	2	0	2	2	2	2	48	2	5
cell_1016	0	4	2	2	0	0	2	0	2	2	0	0	0	0	2	0
cell_916	0	0	2	0	0	0	2	0	0	2	2	0	3	0	2	0
cell_981	2	2	2	2	0	10	2	0	2	2	0	0	0	0	2	0
cell_848	2	2	2	0	15	0	2	0	0	2	2	2	2	2	2	8
cell_162	0	2	0	2	0	0	2	2	5	0	0	0	0	4	2	5
cell_537	2	0	0	0	0	2	3	2	9	2	0	12	2	3	0	0
cell_927	8	0	2	0	0	0	2	0	0	2	2	0	0	0	2	0
cell_543	2	3	0	0	0	2	3	2	9	2	0	12	2	0	0	0
cell_115	2	3	0	2	0	2	2	2	2	0	0	0	0	0	2	5
cell_362	10	5	0	2	2	2	2	2	14	2	0	5	2	2	2	5
cell_281	2	2	2	0	2	2	2	2	0	85	2	2	2	0	2	5
cell_131	0	0	2	0	0	5	2	2	20	0	2	0	0	4	2	5
cell_946	0	0	2	0	2	0	2	12	0	2	0	0	62	5	2	0
cell_367	10	3	0	2	2	2	2	2	14	2	0	5	2	2	2	5
cell_509	0	2	6	0	2	2	0	2	2	0	0	5	2	0	2	5
cell_851	4	0	2	0	0	10	2	2	0	2	2	2	2	2	2	8
cell_339	10	0	2	0	2	2	2	2	2	2	0	5	2	0	2	5
cell_71	0	3	0	0	0	2	2	2	2	0	0	3	25	0	2	5
cell_366	10	3	0	2	2	2	2	2	14	2	0	5	2	2	2	5
cell_314	0	2	0	0	2	2	2	2	2	2	0	0	2	0	2	5
cell_688	0	5	0	0	0	0	0	2	0	2	2	2	0	0	2	0
cell_322	10	0	0	0	2	2	2	2	2	2	0	5	2	0	2	5
cell_638	4	0	0	0	2	0	2	2	0	2	2	2	2	0	2	2
cell_284	2	2	2	0	2	2	2	2	0	0	2	2	2	2	2	5
cell_286	0	2	2	0	2	2	2	2	0	3	2	0	2	0	2	5
cell_845	2	2	2	0	15	0	2	0	0	2	2	2	2	2	2	8
cell_831	0	0	2	2	0	0	2	0	2	2	0	2	0	2	2	8
cell_815	0	5	2	0	0	0	2	0	2	2	0	2	0	2	2	8
cell_559	0	0	0	0	0	0	0	0	2	2	2	0	2	0	2	2
cell_829	0	0	2	2	0	0	2	0	2	2	0	2	0	2	2	8
cell_79	2	3	0	3	0	2	2	2	2	0	0	3	0	0	2	5
cell_227	0	0	0	3	0	0	2	2	0	0	2	0	5	4	2	5
cell_102	2	3	17	5	2	2	2	2	2	0	0	0	0	0	2	5
cell_146	0	0	0	0	0	5	2	2	0	0	2	0	0	4	2	5
cell_444	0	0	0	0	2	0	0	2	5	0	0	2	0	0	2	5
cell_986	0	0	2	2	4	0	2	0	0	2	0	0	0	0	2	2
cell_889	0	0	2	0	0	0	2	2	0	2	2	2	2	2	2	8
cell_646	0	0	5	2	0	0	4	0	0	2	2	0	0	0	0	0
cell_513	0	0	16	0	9	0	3	0	0	2	0	0	2	0	2	5
cell_579	0	0	0	0	0	0	2	2	0	2	12	0	2	3	2	2
cell_160	0	0	0	0	0	5	2	2	3	0	2	0	0	4	2	5
cell_222	0	0	0	3	0	5	2	2	2	3	2	2	0	4	2	5
cell_803	0	0	2	2	19	0	2	2	2	2	0	2	0	2	2	8
cell_718	0	0	2	0	0	2	0	0	2	2	2	0	2	0	2	0
cell_142	4	3	0	0	5	5	2	2	20	0	2	3	0	4	2	5
cell_585	0	2	0	0	5	0	2	0	0	2	3	0	2	2	2	2
cell_373	10	2	0	15	2	2	2	2	0	2	0	5	2	2	2	5
cell_776	0	8	2	0	2	0	2	0	0	2	5	2	0	2	2	8
cell_154	0	0	0	3	0	5	2	2	0	0	2	0	10	4	2	5
cell_212	0	0	0	3	0	0	2	2	0	3	5	2	5	4	2	5
cell_439	0	2	0	0	2	0	0	2	5	0	0	2	0	0	2	5
cell_52	0	3	2	5	0	0	2	2	0	0	0	2	12	0	2	5
cell_903	0	0	2	5	5	0	2	0	0	2	2	0	0	2	2	0
cell_755	0	0	0	0	2	0	0	2	0	2	2	0	2	0	2	0
cell_771	3	8	2	0	0	0	2	0	0	2	5	2	0	2	2	8
cell_767	0	5	0	2	2	0	0	0	0	2	2	0	0	2	2	0
cell_565	0	0	0	0	0	3	0	0	0	2	0	3	2	5	145	0
cell_300	2	2	23	3	2	2	2	2	2	0	0	3	2	0	2	5
cell_246	0	0	0	0	2	5	2	2	0	0	9	0	0	4	2	5
cell_595	0	0	0	5	0	9	2	2	2	2	0	0	2	0	2	0
cell_83	0	3	8	0	0	2	2	2	2	37	0	0	0	0	2	5
cell_13	4	3	0	2	2	0	2	2	0	0	3	2	0	0	2	5
cell_505	0	2	6	0	2	2	0	2	0	0	0	5	2	0	2	5
cell_860	0	0	2	0	0	2	2	0	0	2	2	2	2	2	2	8
cell_1015	0	4	2	2	0	0	2	0	2	2	0	0	0	0	2	0
cell_431	0	0	2	4	2	0	0	2	5	0	0	2	0	0	2	5
cell_840	2	5	2	0	0	0	2	0	0	2	2	2	2	2	2	8
cell_394	4	2	0	0	2	0	0	2	12	0	0	2	0	0	2	5
cell_964	0	2	2	2	0	0	2	0	0	2	0	2	0	3	2	0
cell_12	4	3	0	2	0	2	2	2	5	0	3	2	0	0	2	5
cell_800	0	0	2	0	0	0	2	0	2	2	0	2	0	2	2	8
cell_213	0	0	0	3	0	0	2	2	0	3	0	2	5	4	2	5
cell_252	0	0	5	0	2	5	2	2	0	0	0	0	0	4	2	5
cell_18	0	3	0	2	0	2	2	2	0	0	3	2	2	10	2	5
cell_596	0	0	0	5	0	9	2	2	2	2	0	0	2	0	2	0
cell_124	2	3	0	0	0	2	2	2	2	3	5	0	0	3	2	5
cell_777	0	8	2	0	0	0	2	0	0	2	0	2	0	2	2	8
cell_912	0	2	2	5	0	0	2	0	0	2	2	5	0	2	2	0
cell_82	0	3	0	0	0	2	2	2	2	0	0	0	0	0	2	5
cell_217	2	5	0	3	0	0	2	2	2	3	2	2	0	4	2	5
cell_364	10	0	0	2	2	2	2	2	14	2	0	5	2	2	2	5
cell_76	0	3	0	0	0	2	2	2	2	0	0	3	0	0	2	5
cell_306	0	2	2	0	2	2	2	2	2	2	3	0	2	2	2	5
cell_531	2	0	34	0	2	2	3	0	9	2	0	12	2	0	0	0
cell_766	0	0	2	2	2	0	0	0	0	2	2	0	0	0	2	0
cell_233	0	0	0	0	3	16	2	2	0	0	0	3	5	4	2	5
cell_1017	0	0	2	2	0	0	2	5	2	2	0	0	0	0	2	0
cell_838	2	5	2	0	0	0	2	0	0	2	2	2	2	2	2	8
cell_812	0	5	2	0	2	0	2	0	2	2	0	2	0	2	2	8
cell_703	0	0	2	0	0	0	2	2	0	2	2	11	0	0	0	2
cell_706	2	0	0	0	0	2	0	0	0	2	2	0	2	5	3	0
cell_789	0	5	2	0	0	0	2	0	0	2	0	2	0	2	2	8
cell_467	0	0	0	2	2	2	5	2	0	3	0	5	2	0	2	5
cell_963	0	2	2	2	0	0	2	0	0	2	0	2	0	3	2	0
cell_173	0	0	2	2	0	0	2	2	0	2	0	0	0	4	2	5
cell_265	2	2	0	0	2	2	2	2	0	0	2	0	2	0	2	5
cell_538	2	0	0	0	0	2	3	2	9	2	0	12	2	3	0	0
cell_951	0	4	2	0	2	0	2	12	0	2	0	0	0	5	2	0
cell_451	0	0	0	0	2	2	0	2	0	0	0	5	2	2	2	5
cell_584	0	0	0	0	0	0	2	2	0	2	12	0	2	3	2	2
cell_666	0	0	0	5	0	0	0	0	2	2	2	0	5	0	0	0
cell_348	10	0	0	0	2	2	2	2	2	2	2	5	2	14	2	5
cell_126	2	3	0	0	0	2	2	2	2	0	5	0	0	3	2	5
cell_786	0	0	2	0	0	4	2	0	0	2	0	2	2	2	2	8
cell_882	0	0	2	0	3	0	2	2	0	2	2	2	2	2	2	8
cell_549	0	0	0	0	0	0	0	0	0	2	2	0	2	0	2	2
cell_352	10	0	0	0	2	2	2	2	2	2	2	5	2	14	2	5
cell_475	0	5	0	0	2	2	5	2	0	3	2	5	2	3	2	5
cell_195	0	0	0	3	2	0	2	2	2	0	0	2	0	4	2	5
cell_250	0	0	5	0	2	5	2	2	0	0	0	0	0	4	2	5
cell_536	2	0	0	0	0	2	3	0	9	2	0	12	2	0	0	0
cell_325	10	2	0	5	2	2	2	2	2	2	0	5	2	0	2	5
cell_973	0	0	2	2	0	0	2	0	0	2	0	2	0	0	2	0
cell_90	2	3	0	0	0	2	2	2	2	0	5	0	0	2	2	5
cell_671	0	0	0	0	2	0	0	0	2	2	2	0	5	0	4	34
cell_81	0	3	0	0	0	2	2	2	2	0	0	0	0	0	2	5
cell_420	0	0	0	0	2	0	0	2	5	2	4	2	0	0	2	5
cell_482	0	0	0	0	2	2	6	2	0	0	3	0	2	0	2	5
cell_697	2	0	2	0	8	5	2	2	0	2	2	11	0	0	0	2
cell_592	2	2	5	7	0	4	2	0	0	2	0	0	2	2	2	2
cell_797	2	0	2	0	0	0	2	0	2	2	0	2	0	2	2	8
cell_569	3	0	0	0	0	3	0	0	2	2	2	0	2	5	145	2
cell_273	0	2	0	0	2	2	2	2	0	0	2	0	2	0	2	5
cell_717	0	0	2	0	0	2	0	0	2	2	2	0	2	0	2	0
cell_297	2	2	23	3	2	2	2	2	2	0	0	3	2	0	2	5
cell_609	4	3	0	0	13	0	2	0	0	2	2	0	2	5	2	2
cell_863	0	0	2	0	0	0	2	0	0	2	2	2	2	2	2	8
cell_208	2	0	0	3	0	0	2	2	0	0	5	2	0	4	2	5
cell_276	0	2	0	0	2	2	2	2	0	0	2	0	2	0	2	5
cell_207	2	0	0	3	0	0	2	2	0	0	5	2	0	4	2	5
cell_165	0	2	0	2	0	0	2	2	0	4	0	0	0	4	2	5
cell_820	0	0	2	4	0	0	2	0	2	2	37	2	0	2	2	8
cell_704	0	0	2	0	0	0	2	2	0	2	2	11	0	0	0	2
cell_857	0	0	2	0	0	0	2	0	0	2	2	2	2	2	2	8
cell_1021	0	2	2	2	0	0	2	0	2	2	0	9	0	0	2	0
cell_674	4	5	0	2	0	0	0	2	2	2	2	0	0	2	2	0
cell_732	0	0	0	0	0	2	0	0	0	2	2	0	0	0	0	0
cell_539	2	0	0	0	0	2	3	2	9	2	0	12	2	0	0	0
cell_769	3	8	2	0	0	0	2	0	0	2	5	2	0	2	2	8
cell_204	2	0	0	3	0	8	2	2	5	0	0	2	0	4	2	5
cell_397	4	0	0	0	2	0	0	2	0	8	0	2	0	0	2	5
cell_535	2	0	0	0	0	2	3	0	9	2	0	12	2	0	0	0
cell_237	0	0	0	0	0	16	2	2	2	0	0	3	5	4	2	5
cell_805	0	2	2	4	0	5	2	2	2	2	2	2	0	2	2	8
cell_436	0	0	0	0	2	2	0	2	5	0	0	2	0	0	2	5
cell_489	0	0	0	0	2	2	0	2	0	0	0	2	2	0	2	5
cell_488	0	0	2	0	2	2	0	2	0	2	3	0	2	0	2	5
cell_202	2	2	0	3	0	8	2	2	0	0	0	2	2	4	2	5
cell_266	2	2	0	0	2	2	2	2	0	0	2	0	2	0	2	5
cell_455	2	2	0	0	2	2	0	2	0	0	2	5	2	2	2	5
cell_813	0	5	2	0	4	3	2	0	2	2	2	2	0	2	2	8
cell_721	0	0	0	0	0	2	0	0	0	2	2	0	3	0	0	0
cell_626	4	5	0	4	2	3	2	0	0	2	2	4	2	23	2	2
cell_722	0	0	0	0	0	2	0	0	0	2	2	0	3	0	0	0
cell_185	5	0	0	0	0	2	2	2	0	0	0	0	0	4	2	5
cell_220	2	0	0	3	0	0	2	2	2	3	2	2	0	4	2	5
cell_461	0	0	0	0	2	2	0	2	0	0	0	5	2	2	2	5
cell_794	0	0	2	0	0	0	2	4	2	2	0	2	0	2	2	8
cell_335	10	0	0	0	2	2	2	2	2	2	0	5	2	0	2	5
cell_414	2	5	0	0	2	0	0	2	0	0	0	2	0	0	2	5
cell_680	4	5	3	2	0	0	0	2	2	2	2	0	0	2	2	0
cell_356	10	0	0	2	2	2	2	2	14	2	3	5	2	2	2	5
cell_993	0	5	2	2	0	0	2	0	2	2	0	2	3	0	2	2
cell_520	0	3	16	5	0	0	3	0	0	2	0	0	2	0	2	0
cell_608	0	0	5	5	0	0	2	0	2	2	0	5	2	3	2	0
cell_139	0	0	0	0	5	5	2	2	20	0	2	0	0	4	2	5
cell_997	0	5	2	2	0	0	2	0	2	2	0	2	0	0	2	0
cell_827	11	0	2	2	0	0	2	0	2	2	0	2	0	2	2	8
cell_231	0	0	0	3	0	2	2	2	0	0	0	0	5	4	2	5
cell_401	0	2	0	4	2	0	0	2	2	0	0	2	0	0	2	5
cell_198	26	0	0	3	2	0	2	2	0	0	0	2	0	4	2	5
cell_41	0	3	0	0	0	0	2	2	5	2	2	2	0	0	2	5
cell_890	0	0	2	0	0	0	2	2	0	2	2	2	2	2	2	8
cell_599	2	0	0	5	0	0	2	0	2	2	0	0	2	0	2	0
cell_593	0	3	0	5	0	9	2	2	2	2	0	0	2	0	2	0
cell_530	2	0	0	0	0	2	3	0	9	2	0	12	2	0	0	0
cell_790	0	5	2	0	0	0	2	0	0	2	0	2	0	2	2	8
cell_378	10	0	0	0	2	2	2	2	4	2	0	5	2	2	2	5
cell_723	0	0	0	0	0	2	0	0	0	2	2	0	3	0	0	0
cell_105	2	3	17	0	0	2	2	2	2	0	0	0	0	0	2	5
cell_642	0	0	5	2	0	0	0	0	0	2	2	0	0	0	0	10
cell_327	10	2	0	0	2	2	2	2	2	2	0	5	2	0	2	5
cell_677	4	5	3	2	0	0	0	2	2	2	2	0	0	2	2	0
cell_548	3	0	0	0	0	0	0	0	0	2	2	0	2	0	2	2
cell_182	0	0	16	0	0	2	2	2	0	2	0	2	4	4	2	5
cell_310	3	2	0	2	2	2	2	2	2	0	0	0	2	0	2	5
cell_351	10	0	0	0	2	2	2	2	2	2	2	5	2	14	2	5
cell_454	2	2	0	0	2	2	0	2	0	0	2	5	2	2	2	5
cell_303	2	2	23	3	2	2	2	2	2	0	0	3	2	0	2	5
cell_709	2	0	0	0	0	2	0	0	0	2	2	0	2	0	0	0
cell_188	5	0	0	0	0	2	2	2	0	0	0	0	0	4	2	5
cell_426	0	2	0	0	2	2	0	2	5	11	0	2	0	0	2	5
cell_992	2	0	2	2	0	0	2	0	2	2	0	39	0	0	2	2
cell_987	0	0	2	2	4	0	2	0	0	2	0	0	0	0	2	2
cell_244	0	26	0	53	2	5	2	2	0	0	9	2	0	4	2	5
cell_332	10	0	0	0	2	2	2	2	2	2	0	5	2	0	2	5
cell_741	0	2	0	26	2	13	0	0	0	2	2	0	5	0	2	0
cell_50	0	3	2	5	0	0	2	2	0	0	0	2	12	3	2	5
cell_385	4	0	0	0	2	2	0	2	0	2	2	2	2	48	2	5
cell_242	0	26	2	53	2	5	2	2	0	0	9	0	0	4	2	5
cell_788	0	0	2	0	0	0	2	0	0	2	0	2	2	2	2	8
cell_248	0	2	0	0	2	5	2	2	0	0	9	0	0	4	2	5
cell_289	0	2	4	0	2	2	2	2	2	0	0	0	2	0	2	5
cell_122	2	3	0	0	0	2	2	2	2	3	5	2	0	3	2	5
cell_406	0	2	0	0	2	2	0	2	0	0	0	2	0	0	2	5
cell_586	0	2	0	0	5	0	2	0	0	2	3	0	2	2	2	2
cell_906	0	0	2	5	0	0	2	8	2	2	2	0	0	0	2	2
cell_1005	0	0	2	2	0	0	2	0	2	2	0	20	4	0	2	0
cell_624	4	3	0	0	2	0	2	0	2	2	2	0	2	0	2	2
cell_1014	0	4	2	2	0	0	2	0	2	2	0	0	0	0	2	0
cell_953	0	0	2	0	2	2	2	12	10	2	0	0	0	0	2	0
cell_255	0	0	5	0	2	5	2	2	2	0	0	0	0	4	2	5
cell_415	2	0	0	0	2	0	0	2	0	0	0	2	0	0	2	5
cell_665	0	0	0	5	0	0	0	0	2	2	2	0	5	0	0	0
cell_753	0	0	0	0	2	0	0	2	0	2	2	0	0	0	2	0
cell_365	10	3	0	2	2	2	2	2	14	2	0	5	2	2	2	5
cell_238	0	0	0	0	0	16	2	2	2	0	0	3	5	4	2	5
cell_223	0	0	11	3	0	5	2	2	2	3	2	2	0	4	2	5
cell_196	0	0	0	3	2	0	2	2	2	0	0	2	0	4	2	5
cell_817	0	0	2	4	0	0	2	0	2	2	37	2	0	2	2	8
cell_1019	0	0	2	2	0	0	2	2	2	2	0	0	0	0	2	0
cell_556	0	0	2	0	2	0	3	0	2	2	2	0	2	0	2	2
cell_768	0	5	0	2	2	0	0	0	0	2	2	0	0	2	2	0
cell_93	0	3	2	0	0	2	2	2	2	0	0	0	0	0	2	5
cell_210	0	0	0	3	0	0	2	2	0	3	4	2	5	4	2	5
cell_291	0	2	0	0	2	2	2	2	2	2	0	0	2	0	2	5
cell_844	2	2	2	0	15	0	2	0	0	2	2	2	2	2	2	8
cell_86	0	3	0	0	3	2	2	2	2	0	0	0	0	0	2	5
cell_821	0	3	2	2	0	2	2	0	2	2	0	2	0	2	2	8
cell_730	0	0	0	0	0	2	0	0	0	2	2	0	2	0	0	0
cell_711	2	0	0	0	0	2	0	0	0	2	2	0	2	0	0	2
cell_429	0	0	0	4	2	0	0	2	5	0	0	2	0	0	2	5
cell_886	0	0	2	0	0	0	2	2	2	2	2	2	2	2	2	8
cell_841	2	2	2	0	15	0	2	0	0	2	2	2	2	2	2	8
cell_801	0	0	2	2	19	0	2	0	2	2	5	2	0	2	2	8
cell_622	4	3	0	0	2	0	2	0	2	2	2	0	2	0	2	2
cell_647	4	2	5	2	0	0	0	0	0	2	2	0	0	2	0	0
cell_466	0	0	0	0	2	2	5	2	0	3	0	5	2	0	2	5
cell_329	10	2	0	0	2	2	2	2	2	2	0	5	2	0	2	5
cell_35	0	3	0	0	0	0	2	2	0	2	0	2	2	0	2	5
cell_407	0	2	0	0	2	0	2	2	0	0	0	2	0	0	2	5
cell_623	4	3	0	0	2	0	2	0	2	2	2	0	2	0	2	2
cell_25	0	3	0	2	0	0	2	2	0	5	3	2	0	0	2	5
cell_293	0	2	0	0	2	2	2	2	2	2	2	0	2	0	2	5
cell_59	0	3	2	0	0	2	2	2	0	0	0	2	0	0	2	5
cell_167	0	2	0	2	0	0	2	2	0	0	0	0	2	4	2	5
cell_106	2	3	17	0	0	2	2	2	2	0	0	0	0	0	2	5
cell_5	0	3	0	2	0	0	2	2	5	0	3	2	3	0	2	5
cell_70	0	3	0	0	0	2	2	2	2	0	0	3	25	0	2	5
cell_861	2	0	2	0	0	0	2	5	5	2	2	2	2	2	2	8
cell_962	0	2	2	2	0	0	2	0	0	2	0	2	0	3	2	0
cell_895	0	0	2	0	0	45	2	2	0	2	2	2	2	2	2	8
cell_806	0	2	2	4	0	5	2	2	2	2	2	2	0	2	2	8
cell_958	0	2	2	0	2	0	2	12	0	2	0	0	0	0	2	0
cell_313	0	2	0	0	2	2	2	2	2	2	0	0	2	0	2	5
cell_547	3	0	0	0	0	0	0	0	0	2	2	0	2	0	2	2
cell_480	0	0	0	0	2	2	5	2	2	3	2	5	2	0	2	5
cell_34	0	3	0	0	0	0	2	2	0	2	0	2	2	0	2	5
cell_395	4	0	0	0	2	0	0	2	12	0	0	2	0	0	2	5
cell_555	0	0	2	0	2	0	3	0	2	2	2	0	2	0	2	2
cell_180	0	0	0	0	0	2	2	2	0	0	0	0	0	4	2	5
cell_833	2	5	2	0	0	0	2	0	0	2	2	2	2	2	2	8
cell_381	10	0	0	0	2	2	2	2	2	2	0	5	2	2	2	5
cell_600	2	0	0	5	0	0	2	0	2	2	0	0	2	0	2	0
cell_955	0	0	2	0	2	0	2	12	10	2	0	0	0	0	2	0
cell_301	2	2	23	3	2	2	2	2	2	0	0	3	2	0	2	5
cell_200	26	0	0	3	2	0	2	2	0	0	0	2	0	4	2	5
cell_862	2	0	2	0	0	0	2	5	5	2	2	2	2	2	2	8
cell_749	0	0	0	0	2	0	2	0	5	2	2	4	0	0	2	0
cell_510	0	2	6	0	2	2	0	2	2	0	0	5	2	0	2	5
cell_751	0	0	0	0	2	0	2	0	5	2	2	4	0	0	2	0
cell_663	0	0	2	0	0	0	0	0	0	2	2	0	5	0	0	0
cell_715	0	0	0	0	8	2	11	0	15	2	2	0	0	3	0	0
cell_438	0	0	0	0	2	2	0	2	5	12	0	2	0	5	2	5
cell_263	2	2	0	0	2	2	2	2	0	2	2	0	2	0	2	5
cell_515	0	0	16	0	9	0	3	0	0	2	35	0	2	0	2	5
cell_867	0	0	2	53	0	0	2	0	2	2	2	2	2	2	2	8
cell_358	10	2	0	2	2	2	2	2	14	2	3	5	2	2	2	5
cell_913	0	0	2	0	0	15	2	0	0	2	2	0	3	0	2	0
cell_272	2	2	0	0	2	2	2	2	0	22	2	0	2	0	2	5
cell_445	0	0	0	6	2	2	0	2	5	0	0	2	2	0	2	5
cell_80	2	3	0	3	0	2	2	2	2	0	0	3	0	0	2	5
cell_511	0	2	6	0	2	2	0	2	0	0	0	5	2	0	2	5
cell_151	0	0	0	0	0	5	2	2	0	0	2	0	3	4	2	5
cell_225	0	2	0	3	0	0	2	2	0	0	0	0	5	4	2	5
cell_96	0	3	0	0	0	2	2	2	2	0	0	0	0	0	2	5
cell_876	0	0	2	0	0	0	2	0	2	2	2	2	2	2	2	8
cell_574	0	0	0	0	0	3	0	0	0	2	0	0	2	5	145	0
cell_47	0	3	0	0	0	0	2	2	5	2	0	2	24	0	2	5
cell_474	0	0	0	0	2	2	5	2	0	3	2	5	2	3	2	5
cell_699	2	0	2	0	0	5	2	2	0	2	2	11	0	0	0	2
cell_837	2	5	2	0	0	0	2	0	0	2	2	2	2	2	2	8
cell_15	4	3	0	2	2	0	2	2	0	0	3	2	0	0	2	5
cell_404	0	2	0	4	2	0	0	2	0	0	2	2	0	0	2	5
cell_75	0	3	0	0	0	2	2	2	2	0	0	3	0	0	2	5
cell_337	10	0	0	0	2	2	2	2	2	2	0	5	2	0	2	5
cell_950	0	4	2	0	2	0	2	12	0	2	0	0	0	5	2	0
cell_216	0	0	0	3	0	0	2	2	0	3	0	2	5	4	2	5
cell_819	0	0	2	4	0	0	2	0	2	2	37	2	0	2	2	8
cell_145	0	0	0	0	0	5	2	2	0	0	2	0	0	4	2	5
cell_174	0	0	2	2	0	0	2	2	0	2	0	0	0	4	2	5
cell_872	0	0	2	0	2	0	2	0	2	2	2	2	2	2	2	8
cell_108	2	3	17	0	0	2	2	2	2	0	0	0	0	0	2	5
cell_177	0	0	0	0	0	2	2	2	0	0	0	0	0	4	2	5
cell_10	4	3	0	2	5	0	2	2	5	0	3	2	0	2	2	5
cell_568	0	0	0	0	0	3	0	0	0	2	0	3	2	5	145	2
cell_581	2	0	0	0	0	0	2	2	0	2	12	0	2	3	2	2
cell_880	2	0	2	2	0	2	2	0	2	2	2	2	2	2	2	8
cell_112	2	3	17	0	0	2	2	2	2	0	39	0	0	0	2	5
cell_853	0	0	2	0	0	2	2	0	0	2	2	2	2	2	2	8
cell_153	0	0	0	3	0	5	2	2	0	0	2	0	10	4	2	5
cell_669	0	0	0	0	0	0	0	0	2	2	2	0	5	0	4	0
cell_746	0	0	0	0	2	0	0	0	5	2	2	4	2	0	2	0
cell_169	0	0	0	2	2	0	2	2	2	13	0	0	0	4	2	5
cell_453	2	2	0	0	2	2	0	2	0	0	2	5	2	2	2	5
cell_936	0	0	2	5	2	0	2	0	2	2	3	0	0	0	2	0
cell_457	0	0	0	0	2	2	0	2	0	0	0	5	2	2	2	5
cell_1009	3	0	2	2	0	0	2	0	2	2	0	0	0	0	2	2
cell_1012	0	0	2	2	0	0	2	0	2	2	0	0	0	0	2	0
cell_652	0	0	5	2	0	0	0	0	0	2	2	0	0	0	0	0
cell_546	3	7	0	0	0	0	0	0	0	2	2	0	2	0	2	2
cell_974	0	0	2	2	0	0	2	0	0	2	0	2	0	0	2	0
cell_561	0	0	0	0	0	3	0	0	0	2	0	0	2	5	145	0
cell_976	0	2	2	2	0	0	2	0	0	2	0	2	0	2	2	0
cell_687	0	5	0	0	0	0	0	2	0	2	2	2	0	0	2	0
cell_349	10	0	0	0	2	2	2	2	2	2	2	5	2	14	2	5
cell_205	2	2	0	3	0	0	2	2	0	0	5	2	0	4	2	5
cell_103	2	3	17	5	2	2	2	2	2	0	0	0	0	0	2	5
cell_1001	0	0	2	2	0	0	2	0	2	2	0	0	0	5	2	0
cell_315	0	2	0	0	2	2	2	2	2	5	0	0	2	0	2	5
cell_360	10	2	0	2	2	2	2	2	14	2	3	5	2	2	2	5
cell_498	0	0	0	0	2	2	0	2	2	0	0	5	2	0	2	5
cell_631	4	5	0	0	0	3	2	0	0	2	2	2	2	0	2	2
cell_700	2	0	2	0	0	5	2	2	0	2	2	11	0	0	0	2
cell_809	2	5	2	0	2	0	2	0	2	2	0	2	0	2	2	8
cell_375	10	2	0	15	2	2	2	2	0	2	0	5	2	2	2	5
cell_949	0	4	2	0	2	0	2	12	0	2	0	0	0	5	2	0
cell_411	2	0	0	5	2	0	0	2	2	0	4	2	0	0	2	5
cell_640	4	0	0	0	2	0	2	2	0	2	2	2	2	0	2	2
cell_94	0	3	2	0	0	2	2	2	2	0	0	0	0	0	2	5
cell_172	0	0	0	2	2	0	2	2	0	2	2	0	0	4	2	5
cell_1011	0	0	2	2	0	0	2	0	2	2	0	0	0	0	2	0
cell_1008	0	0	2	2	0	0	2	0	2	2	0	20	4	0	2	0
cell_620	4	3	5	0	0	0	2	0	2	2	2	0	2	0	2	2
cell_934	0	0	2	5	2	0	2	0	2	2	3	0	0	0	2	0
cell_342	10	0	2	0	2	2	2	2	2	2	0	5	2	2	2	5
cell_580	0	0	0	0	0	0	2	2	0	2	12	0	2	3	2	2
cell_975	0	2	2	2	0	0	2	0	0	2	0	2	0	2	2	0
cell_865	0	0	2	53	0	0	2	0	2	2	2	2	2	2	2	8
cell_692	0	0	0	0	2	0	2	2	0	2	2	0	0	0	0	5
cell_969	0	23	2	2	0	0	2	0	4	2	0	2	0	0	2	0
cell_29	0	3	0	2	0	0	2	2	5	5	3	2	27	0	2	5
cell_140	0	0	0	0	5	5	2	2	20	0	2	0	0	4	2	5
cell_211	0	0	0	3	0	0	2	2	0	3	5	2	5	4	2	5
cell_359	10	2	0	2	2	2	2	2	14	2	3	5	2	2	2	5
cell_328	10	2	0	0	2	2	2	2	2	2	0	5	2	0	2	5
cell_1007	0	0	2	2	0	0	2	0	2	2	0	20	4	0	2	0
cell_940	3	0	2	0	2	0	2	36	0	2	3	0	0	0	2	0
cell_615	4	3	0	0	0	0	2	2	0	2	2	5	2	5	2	2
cell_440	0	2	0	0	2	0	0	2	5	0	0	2	0	0	2	5
cell_683	0	5	0	0	0	0	0	2	0	2	2	2	0	0	2	0
cell_304	2	2	23	3	2	2	2	2	2	0	0	3	2	0	2	5
cell_101	2	3	17	5	2	2	2	2	2	0	0	0	0	0	2	5
cell_62	0	3	2	0	0	2	2	2	0	48	0	2	0	0	2	5
cell_938	0	0	2	0	2	0	2	36	0	2	3	0	0	0	2	0
cell_136	0	0	2	0	0	5	2	2	20	0	2	0	0	4	2	5
cell_748	0	0	0	0	2	0	0	0	5	2	2	4	2	0	2	0
cell_30	0	3	0	2	0	0	2	2	5	5	3	2	27	0	2	5
cell_729	0	0	0	0	0	2	0	0	0	2	2	0	2	0	0	0
cell_156	0	2	0	0	0	5	2	2	0	0	2	0	10	4	2	5
cell_605	0	0	0	5	0	0	2	0	0	2	0	5	2	3	2	0
cell_858	0	0	2	0	0	0	2	0	0	2	2	2	2	2	2	8
cell_476	0	5	0	0	2	2	5	2	0	3	2	5	2	3	2	5
cell_379	10	0	2	0	2	2	2	2	4	2	0	5	2	2	2	5
cell_935	0	0	2	5	2	0	2	0	2	2	3	0	0	0	2	0
cell_485	2	0	2	0	2	2	0	2	0	2	3	0	2	0	2	5
cell_567	0	0	0	0	0	3	0	0	0	2	0	3	2	5	145	2
cell_563	0	0	0	0	0	3	0	0	0	2	0	0	2	5	145	0
cell_661	0	0	2	0	0	0	0	2	0	2	2	0	5	0	0	0
cell_245	0	0	0	0	2	5	2	2	0	0	9	0	0	4	2	5
cell_283	2	2	2	0	2	2	2	2	0	0	2	2	2	2	2	5
cell_933	0	0	2	5	2	0	2	0	2	2	3	0	0	0	2	0
cell_164	0	2	0	2	0	0	2	2	5	0	0	0	0	4	2	5
cell_150	0	0	0	0	0	5	2	2	0	0	2	0	0	4	2	5
cell_447	0	2	0	6	2	2	0	2	5	0	0	2	2	0	2	5
cell_11	4	3	0	2	0	2	2	2	5	0	3	2	0	0	2	5
cell_259	2	2	83	0	2	2	2	2	2	2	2	0	2	0	2	5
cell_896	0	0	2	0	0	45	2	2	0	2	2	2	2	2	2	8
cell_783	0	8	2	0	0	0	2	0	0	2	2	2	0	2	2	8
cell_714	0	0	0	0	0	2	11	0	15	2	2	0	0	3	0	0
cell_514	0	0	16	0	9	0	3	0	0	2	0	0	2	0	2	5
cell_542	2	5	0	0	0	2	3	2	9	2	0	12	2	0	0	0
cell_305	0	2	2	0	2	2	2	2	2	2	3	0	2	2	2	5
cell_747	0	0	0	0	2	0	0	0	5	2	2	4	2	0	2	0
cell_842	2	2	2	0	15	0	2	0	0	2	2	2	2	2	2	8
cell_254	0	0	5	0	2	5	2	2	2	0	0	0	0	4	2	5
cell_504	0	2	0	8	2	2	0	2	0	0	0	0	2	0	2	5
cell_878	2	0	2	2	0	0	2	0	2	2	2	2	2	2	2	8
cell_235	12	0	0	0	0	16	2	2	0	0	0	3	5	4	2	5
cell_942	0	0	2	0	2	0	2	36	0	2	3	2	0	0	2	0
cell_333	10	0	3	0	2	2	2	2	2	2	0	5	2	0	2	5
cell_465	0	0	0	0	2	2	5	2	0	3	0	5	2	0	2	5
cell_158	0	0	0	0	0	5	2	2	0	0	2	0	0	4	2	5
cell_118	2	3	3	2	0	2	2	2	2	2	0	2	0	0	2	5
cell_119	2	3	3	2	0	2	2	2	2	0	0	2	0	0	2	5
cell_843	2	2	2	0	15	0	2	0	0	2	2	2	2	2	2	8
cell_947	0	0	2	0	2	0	2	12	0	2	0	0	0	5	2	0
cell_770	3	8	2	0	0	0	2	0	0	2	5	2	0	2	2	8
cell_287	0	2	2	0	2	2	2	2	0	3	2	0	2	0	2	5
cell_176	10	0	2	2	0	0	2	2	0	2	0	0	0	4	2	5
cell_492	0	0	0	0	2	2	0	2	0	0	0	2	2	0	2	5
cell_391	4	0	0	0	2	0	0	2	0	2	2	2	2	0	2	5
cell_478	0	0	0	0	2	2	5	2	0	3	2	5	2	2	2	5
cell_603	0	2	0	5	0	0	2	0	0	2	0	0	2	3	2	2
cell_500	0	0	0	0	2	2	0	2	2	0	0	5	2	0	2	5
cell_577	0	0	0	8	0	0	2	2	0	2	12	25	2	3	2	2
cell_127	2	3	0	0	0	2	2	2	2	0	5	0	4	3	2	5
cell_694	0	0	0	0	3	0	0	2	0	2	2	0	0	0	0	2
cell_74	0	3	0	0	5	2	2	2	2	0	0	3	0	0	2	5
cell_1013	0	4	2	2	0	0	2	0	2	2	0	0	0	0	2	0
cell_22	0	3	0	2	0	2	2	2	2	0	3	2	0	10	2	5
cell_175	10	0	2	2	0	0	2	2	0	2	0	0	0	4	2	5
cell_562	0	0	0	0	0	3	0	0	0	2	0	0	2	5	145	0
cell_892	0	2	2	0	12	0	2	2	0	2	2	2	2	2	2	8
cell_253	0	0	5	0	2	5	2	2	2	0	0	0	0	4	2	5
cell_326	10	2	0	5	2	2	2	2	2	2	0	5	2	0	2	5
cell_296	0	2	0	0	2	2	2	2	2	2	0	0	2	0	2	5
cell_879	2	0	2	2	0	2	2	0	2	2	2	2	2	2	2	8
cell_659	0	0	0	0	0	0	0	0	0	2	2	0	2	0	0	0
cell_558	0	3	0	0	0	0	2	3	2	2	2	2	2	0	2	2
cell_290	0	2	4	0	2	2	2	2	2	0	0	0	2	0	2	5
cell_363	10	0	0	2	2	2	2	2	14	2	0	5	2	2	2	5
cell_292	0	2	0	0	2	2	2	2	2	2	0	0	2	0	2	5
cell_582	2	0	0	0	0	0	2	2	0	2	12	0	2	3	2	2
cell_564	0	0	0	0	0	3	0	0	0	2	0	0	2	5	145	0
cell_763	0	0	2	2	2	2	0	0	0	2	2	0	0	0	2	0
cell_636	4	0	0	0	0	0	2	0	2	2	2	2	2	0	2	2
cell_894	0	5	2	0	0	45	2	2	0	2	2	2	2	2	2	8
cell_736	0	0	0	0	0	2	0	0	0	2	2	0	0	0	0	0
cell_523	0	0	16	2	0	0	3	0	0	2	0	0	2	0	2	0
cell_983	2	2	2	2	0	10	2	0	2	2	0	0	0	0	2	0
cell_135	0	0	2	0	0	5	2	2	20	0	2	0	0	4	2	5
cell_928	8	0	2	0	0	0	2	0	0	2	2	0	0	0	2	0
cell_413	2	5	0	0	2	0	0	2	0	0	0	2	0	0	2	5
cell_434	0	0	0	0	2	2	0	2	5	0	0	2	0	0	2	5
cell_957	0	2	2	0	2	0	2	12	0	2	0	0	0	0	2	0
cell_487	0	0	2	0	2	2	0	2	0	2	3	0	2	0	2	5
cell_839	2	5	2	0	0	0	2	0	0	2	2	2	2	2	2	8
cell_996	0	5	2	2	0	0	2	0	2	2	0	2	3	0	2	2
cell_496	0	0	0	0	2	2	0	2	0	0	0	0	2	0	2	5
cell_1010	3	0	2	2	0	0	2	0	2	2	0	0	0	0	2	2
cell_759	0	0	0	0	2	0	0	2	0	2	2	0	0	2	2	0
cell_707	2	2	0	0	0	2	0	0	0	2	2	0	2	5	0	0
cell_214	0	0	0	3	0	0	2	2	0	3	0	2	5	4	2	5
cell_724	0	0	0	0	0	2	0	0	0	2	2	0	3	0	0	0
cell_343	10	0	2	2	2	2	2	2	2	2	0	5	2	2	2	5
cell_55	0	3	2	5	0	2	2	2	0	0	0	2	0	0	2	5
cell_793	0	0	2	0	0	0	2	4	2	2	0	2	0	2	2	8
cell_852	4	0	2	0	0	10	2	2	0	2	2	2	2	2	2	8
cell_299	2	2	23	3	2	2	2	2	2	0	0	3	2	0	2	5
cell_954	0	0	2	0	2	2	2	12	10	2	0	0	0	0	2	0
cell_336	10	0	0	0	2	2	2	2	2	2	0	5	2	0	2	5
cell_583	0	0	0	0	0	0	2	2	0	2	12	0	2	3	2	2
cell_524	0	0	16	2	0	0	3	0	0	2	0	0	2	0	2	0
cell_123	2	3	0	0	0	2	2	2	2	3	5	0	0	3	2	5
cell_885	0	0	2	0	0	0	2	2	2	2	2	2	2	2	2	8
cell_625	4	5	0	4	2	3	2	0	0	2	2	4	2	23	2	2
cell_737	2	0	0	0	2	0	2	0	0	2	2	5	0	0	2	2
cell_247	0	2	0	0	2	5	2	2	0	0	9	0	0	4	2	5
cell_133	0	0	0	0	0	5	2	2	20	0	2	0	0	4	2	5
cell_551	0	0	0	0	0	0	0	0	0	2	2	5	2	0	2	2
cell_909	0	0	2	5	0	0	2	0	2	2	2	0	2	0	2	0
cell_550	0	0	0	0	0	0	0	0	0	2	2	0	2	0	2	2
cell_14	4	3	0	2	2	0	2	2	0	0	3	2	0	0	2	5
cell_143	5	0	0	0	5	5	2	2	20	0	2	3	0	4	2	5
cell_193	0	0	0	3	2	0	2	2	2	0	0	2	2	4	2	5
cell_99	2	3	17	5	3	2	2	2	2	0	0	0	0	0	2	5
cell_887	0	0	2	0	0	0	2	2	2	2	2	2	2	2	2	8
cell_479	0	0	0	0	2	2	5	2	2	3	2	5	2	0	2	5
cell_435	0	0	0	0	2	2	0	2	5	0	0	2	0	0	2	5
cell_971	0	23	2	2	0	0	2	0	5	2	0	2	0	0	2	0
cell_425	0	2	0	0	2	2	0	2	5	11	0	2	0	0	2	5
cell_7	0	3	0	2	0	0	2	2	0	0	3	2	0	0	2	5
cell_930	0	0	2	0	2	0	2	0	2	2	3	0	2	3	2	0
cell_606	0	0	0	5	0	0	2	0	0	2	0	5	2	3	2	0
cell_627	4	5	0	4	2	3	2	0	0	2	2	0	2	23	2	2
cell_268	2	2	0	0	2	2	2	2	0	0	2	0	2	0	2	5
cell_129	0	0	0	0	0	5	2	2	20	0	2	0	0	4	2	5
cell_384	10	0	0	5	2	2	2	2	0	2	0	5	2	2	2	5
cell_316	0	2	0	0	2	2	2	2	2	5	0	0	2	0	2	5
cell_597	0	0	0	5	0	0	2	0	2	2	0	0	2	0	2	0
cell_97	2	3	17	5	0	2	2	2	2	0	0	0	0	0	2	5
cell_117	2	3	3	2	0	2	2	2	2	2	0	2	0	0	2	5
cell_495	0	0	0	0	2	2	0	2	0	0	0	0	2	0	2	5
cell_186	5	0	0	0	0	2	2	2	0	0	0	0	0	4	2	5
cell_507	0	2	6	0	2	2	0	2	0	0	0	5	2	0	2	5
cell_341	10	0	2	0	2	2	2	2	2	2	0	5	2	2	2	5
cell_725	0	0	0	0	2	2	2	0	0	2	2	0	0	0	0	4
cell_939	3	0	2	0	2	0	2	36	0	2	3	0	0	0	2	0
cell_781	0	8	2	0	0	2	2	0	0	2	2	2	0	2	2	8
cell_675	4	5	0	2	0	0	0	2	2	2	2	0	0	2	2	0
cell_56	0	3	2	5	0	2	2	2	0	0	0	2	0	0	2	5
cell_972	0	23	2	2	0	0	2	0	5	2	0	2	0	0	2	0
cell_834	2	5	2	0	0	0	2	0	0	2	2	2	2	2	2	8
cell_650	0	0	5	2	0	0	0	0	0	2	2	0	0	2	0	0
cell_280	0	2	0	0	2	2	2	2	0	0	2	2	2	0	2	5
cell_617	4	3	5	0	0	0	2	0	2	2	2	0	2	0	2	2
cell_926	8	0	2	12	0	0	2	0	2	2	2	0	0	0	2	2
cell_525	5	0	16	0	0	0	3	0	0	2	0	0	2	0	2	0
cell_109	2	3	17	0	0	2	2	2	2	0	39	5	0	0	2	5
cell_645	0	0	5	2	0	0	4	0	0	2	2	0	0	0	0	0
cell_422	4	0	0	0	2	0	0	2	5	2	4	2	0	2	2	5
cell_761	0	0	2	2	2	2	0	0	0	2	2	0	0	0	2	0
cell_799	0	0	2	0	0	0	2	0	2	2	0	2	0	2	2	8
cell_956	0	0	2	0	2	0	2	12	10	2	0	0	0	0	2	0
cell_130	0	0	0	0	0	5	2	2	20	0	2	0	0	4	2	5
cell_168	0	2	0	2	0	0	2	2	0	0	0	0	2	4	2	5
cell_578	0	0	0	8	0	0	2	2	0	2	12	25	2	3	2	2
cell_502	0	2	0	5	2	2	0	2	2	0	0	0	2	0	2	5
cell_468	0	0	0	2	2	2	5	2	0	3	0	5	2	0	2	5
cell_775	0	8	2	0	2	0	2	0	0	2	5	2	0	2	2	8
cell_968	0	2	2	2	2	0	2	0	0	2	2	0	6	0	2	0
cell_814	0	5	2	0	4	3	2	0	2	2	2	2	0	2	2	8
cell_633	4	0	0	0	0	0	2	0	2	2	2	2	2	0	2	2
cell_45	0	3	0	0	0	0	2	2	5	2	0	2	24	0	2	5
cell_836	2	5	2	0	0	0	2	0	0	2	2	2	2	2	2	8
cell_802	0	0	2	2	19	0	2	0	2	2	5	2	0	2	2	8
cell_607	0	0	5	5	0	0	2	0	2	2	0	5	2	3	2	0
cell_765	0	0	2	2	2	0	0	0	0	2	2	0	0	0	2	0
cell_42	0	3	0	0	0	0	2	2	5	2	2	2	0	0	2	5
cell_678	4	5	3	2	0	0	0	2	2	2	2	0	0	2	2	0
cell_312	3	2	0	2	2	2	2	2	2	0	0	0	2	0	2	5
cell_417	0	0	0	0	2	0	2	2	5	2	4	2	0	0	2	5
cell_460	0	0	0	0	2	2	0	2	0	0	0	5	2	2	2	5
cell_1018	0	0	2	2	0	0	2	5	2	2	0	0	0	0	2	0
cell_372	10	3	0	0	2	2	2	2	0	2	0	5	2	2	2	5
cell_111	2	3	17	0	0	2	2	2	2	0	39	0	0	0	2	5
cell_408	0	2	0	0	2	0	2	2	0	0	0	2	0	0	2	5
cell_392	4	0	0	0	2	0	0	2	0	2	2	2	2	0	2	5
cell_1022	0	2	2	2	0	0	2	0	2	2	0	9	0	0	2	0
cell_421	4	0	0	0	2	0	0	2	5	2	4	2	0	2	2	5
cell_144	5	0	0	0	5	5	2	2	20	0	2	3	0	4	2	5
cell_826	11	0	2	2	0	0	2	0	2	2	0	2	0	2	2	8
cell_604	0	2	0	5	0	0	2	0	0	2	0	0	2	3	2	2
cell_197	26	0	0	3	2	0	2	2	0	0	0	2	0	4	2	5
cell_618	4	3	5	0	0	0	2	0	2	2	2	0	2	0	2	2
cell_875	0	0	2	0	0	0	2	0	2	2	2	2	2	2	2	8
cell_68	0	3	0	2	2	2	2	2	2	0	0	3	0	0	2	5
cell_499	0	0	0	0	2	2	0	2	2	0	0	5	2	0	2	5
cell_58	0	3	2	0	2	2	2	2	0	0	0	2	0	0	2	5
cell_481	0	0	0	0	2	2	6	2	0	0	3	0	2	0	2	5
cell_285	0	2	2	0	2	2	2	2	0	3	2	0	2	0	2	5
cell_424	0	0	0	0	2	0	0	2	5	0	4	2	0	0	2	5
cell_702	0	0	2	0	0	0	2	2	0	2	2	11	0	0	0	2
cell_518	0	3	16	5	0	0	3	2	0	2	0	0	2	0	2	0
cell_275	0	2	0	0	2	2	2	2	0	0	2	0	2	0	2	5
cell_716	0	0	0	0	8	2	11	0	15	2	2	0	0	3	0	0
cell_774	0	8	2	0	2	0	2	0	0	2	5	2	0	2	2	8
cell_234	0	0	0	0	3	16	2	2	0	0	0	3	5	4	2	5
cell_179	0	0	0	0	0	2	2	2	0	0	0	0	0	4	2	5
cell_984	2	2	2	2	0	10	2	0	2	2	0	0	0	0	2	0
cell_760	0	0	0	0	2	0	0	2	0	2	2	0	0	2	2	0
cell_917	0	0	2	5	0	0	2	0	0	2	2	0	0	0	2	0
cell_910	0	0	2	5	0	0	2	0	2	2	2	0	2	0	2	0
cell_437	0	0	0	0	2	2	0	2	5	12	0	2	0	5	2	5
cell_452	0	0	0	0	2	2	0	2	0	0	0	5	2	2	2	5
cell_20	0	3	0	2	0	2	2	2	0	0	3	2	0	10	2	5
cell_92	0	3	0	0	0	2	2	2	2	0	0	0	0	0	2	5
cell_100	2	3	17	5	3	2	2	2	2	0	0	0	0	0	2	5
cell_215	0	0	0	3	0	0	2	2	0	3	0	2	5	4	2	5
cell_209	0	0	0	3	0	0	2	2	0	3	4	2	5	4	2	5
cell_206	2	2	0	3	0	0	2	2	0	0	5	2	0	4	2	5
cell_19	0	3	0	2	0	2	2	2	0	0	3	2	0	10	2	5
cell_338	10	0	0	0	2	2	2	2	2	2	0	5	2	0	2	5
cell_1004	0	8	2	2	0	0	2	0	2	2	0	0	0	5	2	0
cell_311	3	2	0	2	2	2	2	2	2	0	0	0	2	0	2	5
cell_274	0	2	0	0	2	2	2	2	0	0	2	0	2	0	2	5
cell_44	0	3	0	0	0	0	2	2	5	2	2	2	0	0	2	5
cell_423	0	0	0	0	2	0	0	2	5	0	4	2	0	0	2	5
cell_497	0	0	0	0	2	2	0	2	2	0	0	5	2	0	2	5
cell_1006	0	0	2	2	0	0	2	0	2	2	0	20	4	0	2	0
cell_32	14	3	0	2	2	0	2	2	5	5	3	2	0	0	2	5
cell_321	10	0	0	0	2	2	2	2	2	2	0	5	2	0	2	5
cell_693	0	0	0	0	3	0	0	2	0	2	2	0	0	0	0	2
cell_988	0	0	2	2	4	0	2	0	0	2	0	0	0	0	2	2
cell_257	2	2	83	0	2	2	2	2	2	2	2	3	2	2	2	5
cell_922	8	0	2	0	0	2	2	0	0	2	2	0	0	0	2	0
cell_470	0	0	0	2	2	2	5	2	0	3	0	5	2	0	2	5
cell_999	0	5	2	2	0	0	2	0	2	2	0	2	0	0	2	0
cell_656	0	0	5	2	0	2	2	0	2	2	2	0	0	0	0	0
cell_110	2	3	17	0	0	2	2	2	2	0	39	5	0	0	2	5
cell_560	0	0	0	0	0	0	0	0	2	2	2	0	2	0	2	2
cell_868	0	0	2	53	0	0	2	0	2	2	2	2	2	2	2	8
cell_664	0	0	2	0	0	0	0	0	0	2	2	0	5	0	0	0
cell_369	10	3	0	0	2	2	2	2	0	2	0	5	2	2	2	5
cell_944	3	0	2	0	2	0	2	36	3	2	3	2	0	0	2	0
cell_120	2	3	3	2	0	2	2	2	2	0	0	2	0	0	2	5
cell_855	0	0	2	0	0	0	2	0	0	2	2	2	2	2	2	8
cell_866	0	0	2	53	0	0	2	0	2	2	2	2	2	2	2	8
cell_779	0	8	2	0	0	0	2	0	3	2	0	2	0	2	2	8
cell_904	0	0	2	5	5	0	2	0	0	2	2	0	0	2	2	0
cell_88	0	3	0	0	10	2	2	2	2	0	0	0	0	0	2	5
cell_46	0	3	0	0	0	0	2	2	5	2	0	2	24	0	2	5
cell_943	3	0	2	0	2	0	2	36	3	2	3	2	0	0	2	0
cell_995	0	5	2	2	0	0	2	0	2	2	0	2	3	0	2	2
cell_60	0	3	2	0	0	2	2	2	0	0	0	2	0	0	2	5
cell_249	0	0	5	0	2	5	2	2	0	0	0	0	0	4	2	5
cell_925	8	0	2	12	0	0	2	0	2	2	2	0	0	0	2	2
cell_948	0	0	2	0	2	0	2	12	0	2	0	0	0	5	2	0
cell_758	0	0	0	0	2	0	0	2	0	2	2	0	0	2	2	0
cell_576	0	0	0	0	0	3	0	4	0	2	0	0	2	5	145	0
cell_990	0	0	2	2	0	0	2	0	2	2	0	39	0	0	2	2
cell_572	0	0	0	0	0	3	0	0	3	2	5	0	2	5	145	2
cell_965	0	2	2	2	2	0	2	0	0	2	0	0	6	0	2	0
cell_773	0	8	2	0	2	0	2	0	0	2	5	2	0	2	2	8
cell_152	0	0	0	0	0	5	2	2	0	0	2	0	3	4	2	5
cell_859	0	0	2	0	0	2	2	0	0	2	2	2	2	2	2	8
cell_846	2	2	2	0	15	0	2	0	0	2	2	2	2	2	2	8
cell_648	4	2	5	2	0	0	0	0	0	2	2	0	0	2	0	0
cell_877	2	0	2	2	0	0	2	0	2	2	2	2	2	2	2	8
cell_649	0	0	5	2	0	0	0	0	0	2	2	0	0	2	0	0
cell_412	2	0	0	5	2	0	0	2	2	0	4	2	0	0	2	5
cell_907	0	0	2	5	0	0	2	8	2	2	2	0	0	0	2	0
cell_191	5	0	4	0	2	2	2	2	5	0	0	0	0	4	2	5
cell_54	0	3	2	5	0	0	2	2	0	0	0	2	0	0	2	5
cell_396	4	0	0	0	2	0	0	2	12	0	0	2	0	0	2	5
cell_308	0	2	2	0	2	2	2	2	2	2	0	0	2	2	2	5
cell_573	0	0	0	0	0	3	0	0	0	2	0	0	2	5	145	0
cell_141	4	3	0	0	5	5	2	2	20	0	2	3	0	4	2	5
cell_228	0	0	0	3	0	0	2	2	0	0	2	0	5	4	2	5
cell_450	0	0	0	0	2	2	0	2	5	0	0	5	2	2	2	5
cell_183	0	0	0	0	0	2	2	2	2	2	0	0	4	4	2	5
cell_67	0	3	0	2	2	2	2	2	2	0	0	3	0	0	2	5
cell_772	3	8	2	0	0	0	2	0	0	2	5	2	0	2	2	8
cell_743	0	0	0	26	2	13	0	0	0	2	2	0	5	0	2	0
cell_184	0	0	0	0	0	2	2	2	2	2	0	0	4	4	2	5
cell_66	0	3	0	2	2	2	2	2	2	0	0	3	0	0	2	5
cell_634	4	0	0	0	0	0	2	0	2	2	2	2	2	0	2	2
cell_888	0	0	2	0	0	0	2	2	2	2	2	2	2	2	2	8
cell_508	0	2	6	0	2	2	0	2	0	0	0	5	2	0	2	5
cell_989	0	0	2	2	0	0	2	0	2	2	0	39	0	0	2	2
cell_811	0	5	2	0	2	0	2	0	2	2	0	2	0	2	2	8
cell_796	2	0	2	0	0	0	2	4	2	2	0	2	0	2	2	8
cell_267	2	2	0	0	2	2	2	2	0	0	2	0	2	0	2	5
cell_994	0	5	2	2	0	0	2	0	2	2	0	2	3	0	2	2
cell_137	0	0	0	5	5	5	2	2	20	0	2	0	0	4	2	5
cell_427	0	0	0	0	2	2	0	2	5	11	0	2	0	0	2	5
cell_849	0	0	2	0	0	10	2	2	0	2	2	2	2	2	2	8
cell_278	0	2	0	0	2	2	2	2	0	0	2	2	2	0	2	5
cell_945	0	0	2	0	2	0	2	12	0	2	0	0	62	5	2	0
cell_428	0	0	0	0	2	2	0	2	5	11	0	2	0	0	2	5
cell_57	0	3	2	0	2	2	2	2	0	0	0	2	0	0	2	5
cell_905	0	0	2	5	0	0	2	8	2	2	2	0	0	0	2	2
cell_1023	0	0	2	2	0	0	2	0	2	2	12	2	0	0	2	0
cell_526	5	0	16	0	0	0	3	0	0	2	0	0	2	0	2	0
cell_762	0	0	2	2	2	2	0	0	0	2	2	0	0	0	2	0
cell_161	0	2	0	2	0	0	2	2	5	0	0	0	0	4	2	5
cell_712	2	0	0	0	0	2	0	0	0	2	2	0	2	0	0	2
cell_347	10	0	0	0	2	2	2	2	2	2	2	5	2	14	2	5
cell_409	2	0	0	0	2	0	0	2	2	0	4	2	0	0	2	5
cell_163	0	2	0	2	0	0	2	2	5	0	0	0	0	4	2	5
cell_371	10	3	0	0	2	2	2	2	0	2	0	5	2	2	2	5
cell_433	0	0	0	0	2	2	0	2	5	0	0	2	0	0	2	5
cell_241	0	26	2	53	2	5	2	2	0	0	9	0	0	4	2	5
cell_635	4	0	0	0	0	0	2	0	2	2	2	2	2	0	2	2
cell_442	0	0	0	0	2	0	0	2	5	0	0	2	0	0	2	5
cell_147	0	0	0	0	2	5	2	2	0	3	2	0	0	4	2	5
cell_784	0	8	2	0	0	0	2	0	0	2	2	2	0	2	2	8
cell_229	0	0	0	3	0	0	2	2	2	0	0	0	5	4	2	5
cell_354	10	0	0	2	2	2	2	2	14	2	0	5	2	2	2	5
cell_23	0	3	0	2	0	2	2	2	2	0	3	2	0	10	2	5
cell_277	0	2	0	0	2	2	2	2	0	0	2	2	2	0	2	5
cell_279	0	2	0	0	2	2	2	2	0	0	2	2	2	0	2	5
cell_443	0	0	0	0	2	0	0	2	5	0	0	2	0	0	2	5
cell_742	0	2	0	26	2	13	0	0	0	2	2	0	5	0	2	0
cell_134	0	0	0	0	0	5	2	2	20	0	2	0	0	4	2	5
cell_695	0	0	0	0	3	0	0	2	0	2	2	0	0	0	0	2
cell_616	4	3	0	0	0	0	2	2	0	2	2	5	2	5	2	2
cell_816	0	5	2	0	0	0	2	0	2	2	0	2	0	2	2	8
cell_63	0	3	2	0	0	2	2	2	0	0	0	2	0	0	2	5
cell_959	0	0	2	0	2	0	2	12	0	2	0	0	0	0	2	2
cell_685	0	5	0	0	0	0	0	2	2	2	2	2	0	0	2	0
cell_824	0	0	2	0	0	0	2	0	2	2	0	2	0	2	2	8
cell_390	4	0	3	0	2	0	3	2	0	2	2	2	2	0	2	5
cell_870	0	0	2	0	0	0	2	0	2	2	2	2	2	2	2	8
cell_679	4	5	3	2	0	0	0	2	2	2	2	0	0	2	2	0
cell_881	0	0	2	0	3	0	2	2	0	2	2	2	2	2	2	8
cell_919	0	0	2	0	0	0	2	0	0	2	2	0	0	0	2	0
cell_884	0	2	2	0	0	0	2	2	0	2	2	2	2	2	2	8
cell_708	2	2	0	0	0	2	0	0	0	2	2	0	2	5	0	0
cell_128	2	3	0	0	0	2	2	2	2	0	5	0	4	3	2	5
cell_331	10	0	0	0	2	2	2	2	2	2	0	5	2	0	2	5
cell_178	0	0	0	0	0	2	2	2	0	0	0	0	0	4	2	5
cell_471	0	0	0	2	2	2	5	2	0	3	0	5	2	0	2	5
cell_456	2	2	0	0	2	2	0	2	0	0	2	5	2	2	2	5
cell_676	4	5	0	2	0	0	0	2	2	2	2	0	0	2	2	0
cell_587	0	2	0	0	5	0	2	0	0	2	0	0	2	2	2	2
cell_658	0	0	0	0	0	0	0	0	0	2	2	0	2	0	0	0
cell_613	4	3	0	51	0	0	2	0	0	2	2	0	2	5	2	2
cell_918	0	0	2	5	0	0	2	0	0	2	2	0	0	0	2	0
cell_493	0	0	0	0	2	2	0	2	0	0	0	0	2	0	2	5
cell_920	0	0	2	0	0	0	2	0	0	2	2	0	0	0	2	0
cell_28	0	3	0	2	0	0	2	2	0	5	3	2	0	0	2	5
cell_850	0	0	2	0	0	10	2	2	0	2	2	2	2	2	2	8
cell_923	8	0	2	0	0	0	2	0	5	2	2	0	11	0	2	0
cell_98	2	3	17	5	0	2	2	2	2	0	0	0	0	0	2	5
cell_240	0	0	0	0	0	16	2	2	2	0	0	3	5	4	2	5
cell_355	10	0	0	2	2	2	2	2	14	2	3	5	2	2	2	5
cell_399	4	0	0	0	2	2	0	2	0	8	0	2	0	0	2	5
cell_601	0	0	0	5	0	0	2	0	0	2	0	0	2	3	2	2
cell_614	4	3	0	51	0	0	2	0	0	2	2	0	2	5	2	2
cell_594	0	3	0	5	0	9	2	2	2	2	0	0	2	0	2	0
cell_330	10	2	0	0	2	2	2	2	2	2	0	5	2	0	2	5
cell_591	2	2	5	7	0	4	2	0	0	2	0	0	2	2	2	2
cell_402	0	2	0	4	2	0	0	2	2	0	0	2	0	0	2	5
cell_226	0	2	0	3	0	0	2	2	0	0	0	0	5	4	2	5
cell_264	2	2	0	0	2	2	2	2	0	2	2	0	2	0	2	5
cell_651	0	0	5	2	0	0	0	0	0	2	2	0	0	0	0	0
cell_720	3	0	21	0	0	2	0	0	0	2	2	2	2	0	2	0
cell_914	0	0	2	0	0	15	2	0	0	2	2	0	3	0	2	0
cell_828	11	0	2	2	0	0	2	0	2	2	0	2	0	2	2	8
cell_731	0	0	0	0	0	2	0	0	0	2	2	0	0	0	0	0
cell_630	4	5	0	0	0	3	2	0	0	2	2	0	2	0	2	2
cell_915	0	0	2	0	0	0	2	0	0	2	2	0	3	0	2	0
cell_370	10	3	0	0	2	2	2	2	0	2	0	5	2	2	2	5
cell_900	0	0	2	5	5	0	2	0	2	2	2	0	0	0	2	2
cell_389	4	0	3	0	2	0	3	2	0	2	2	2	2	0	2	5
cell_84	0	3	8	0	0	2	2	2	2	37	0	0	0	0	2	5
cell_85	0	3	0	0	3	2	2	2	2	0	0	0	0	0	2	5
cell_662	0	0	2	0	0	0	0	2	0	2	2	0	5	0	0	0
cell_473	0	0	0	0	2	2	5	2	0	3	2	5	2	3	2	5
cell_73	0	3	0	0	5	2	2	2	2	0	0	3	0	0	2	5
cell_575	0	0	0	0	0	3	0	4	0	2	0	0	2	5	145	0
cell_239	0	0	0	0	0	16	2	2	2	0	0	3	5	4	2	5
cell_780	0	8	2	0	0	0	2	0	3	2	0	2	0	2	2	8
cell_192	5	0	4	0	2	2	2	2	5	0	0	0	0	4	2	5
cell_745	0	0	0	0	2	0	0	0	5	2	2	4	2	0	2	0
cell_6	0	3	0	2	0	0	2	2	5	0	3	2	3	0	2	5
cell_405	0	2	0	0	2	2	0	2	0	0	0	2	0	0	2	5
cell_418	0	0	0	0	2	0	2	2	5	2	4	2	0	0	2	5
cell_653	0	0	5	2	9	2	2	0	2	2	2	0	2	0	0	0
cell_689	0	0	2	0	2	0	2	2	0	2	2	0	0	0	0	0
cell_682	0	5	0	0	0	0	0	2	0	2	2	2	3	0	2	0
cell_17	0	3	0	2	0	2	2	2	0	0	3	2	2	10	2	5
cell_621	4	3	0	0	2	0	2	0	2	2	2	0	2	0	2	2
cell_170	0	0	0	2	2	0	2	2	2	13	0	0	0	4	2	5
cell_27	0	3	0	2	0	0	2	2	0	5	3	2	0	0	2	5
cell_791	0	5	2	38	0	0	2	0	0	2	0	2	0	2	2	8
cell_430	0	0	0	4	2	0	0	2	5	0	0	2	0	0	2	5
cell_528	0	0	16	0	0	0	3	0	0	2	0	0	2	0	2	4
cell_728	0	0	0	0	0	2	2	11	0	2	2	0	0	0	0	0
cell_491	0	0	0	0	2	2	0	2	0	0	0	2	2	0	2	5
cell_534	2	0	0	0	0	2	3	0	9	2	0	12	2	0	0	2
cell_171	0	0	0	2	2	0	2	2	0	2	2	0	0	4	2	5
cell_825	11	0	2	2	0	0	2	0	2	2	0	2	0	2	2	8
cell_307	0	2	2	0	2	2	2	2	2	2	0	0	2	2	2	5
cell_932	0	0	2	0	2	0	2	0	2	2	3	2	0	0	2	0
cell_357	10	2	0	2	2	2	2	2	14	2	3	5	2	2	2	5
cell_552	0	0	0	0	0	0	0	0	0	2	2	5	2	0	2	2
cell_368	10	3	0	2	2	2	2	2	14	2	0	5	2	2	2	5
cell_598	0	0	0	5	0	0	2	0	2	2	0	0	2	0	2	0
cell_261	2	2	0	0	2	2	2	2	0	2	2	0	2	2	2	5
cell_804	0	0	2	2	19	0	2	2	2	2	0	2	0	2	2	8
cell_529	2	0	0	0	0	2	3	0	9	2	0	12	2	0	0	0
cell_977	3	0	2	2	0	10	2	0	2	2	2	0	0	5	2	0
cell_733	0	0	0	3	0	2	0	0	0	2	2	0	0	0	0	0
cell_691	0	0	0	0	2	0	2	2	0	2	2	0	0	0	0	5
cell_667	0	0	3	5	0	0	0	0	2	2	2	0	5	0	0	0
cell_590	2	2	5	0	0	4	2	0	0	2	3	0	2	2	2	2
cell_713	0	0	0	0	0	2	11	0	15	2	2	0	0	3	0	0
cell_181	0	0	16	0	0	2	2	2	0	2	0	2	4	4	2	5
cell_230	0	0	0	3	0	0	2	2	2	0	0	0	5	4	2	5
cell_403	0	2	0	4	2	0	0	2	0	0	2	2	0	0	2	5
cell_893	0	5	2	0	0	45	2	2	0	2	2	2	2	2	2	8
cell_527	0	0	16	0	0	0	3	0	0	2	0	0	2	0	2	4
cell_740	2	0	0	0	2	0	2	0	0	2	2	0	0	0	2	0
cell_739	2	0	0	0	2	0	2	0	0	2	2	0	0	0	2	0
cell_65	0	3	0	2	2	2	2	2	2	0	0	3	0	0	2	5
cell_1024	0	0	2	2	0	0	2	0	2	2	12	2	0	0	2	0
cell_187	5	0	0	0	0	2	2	2	0	0	0	0	0	4	2	5
cell_931	0	0	2	0	2	0	2	0	2	2	3	2	0	0	2	0
cell_911	0	2	2	5	0	0	2	0	0	2	2	5	0	2	2	0
cell_570	3	0	0	0	0	3	0	0	2	2	2	0	2	5	145	2
cell_201	2	2	0	3	0	8	2	2	0	0	0	2	2	4	2	5
cell_929	0	0	2	0	2	0	2	0	2	2	3	0	2	3	2	0
cell_985	0	0	2	2	4	0	2	0	0	2	0	0	0	0	2	2
cell_462	0	0	0	0	2	2	0	2	0	0	0	5	2	2	2	5
cell_628	4	5	0	4	2	3	2	0	0	2	2	0	2	23	2	2
cell_219	2	0	0	3	0	0	2	2	2	3	2	2	0	4	2	5
cell_752	0	0	0	0	2	0	2	0	5	2	2	4	0	0	2	0
cell_410	2	0	0	0	2	0	0	2	2	0	4	2	0	0	2	5
cell_503	0	2	0	8	2	2	0	2	0	0	0	0	2	0	2	5
cell_544	2	3	0	0	0	2	3	2	9	2	0	12	2	0	0	0
cell_847	2	2	2	0	15	0	2	0	0	2	2	2	2	2	2	8
cell_588	0	2	0	0	5	0	2	0	0	2	0	0	2	2	2	2
cell_446	0	0	0	6	2	2	0	2	5	0	0	2	2	0	2	5
cell_477	0	0	0	0	2	2	5	2	0	3	2	5	2	2	2	5
cell_883	0	2	2	0	0	0	2	2	0	2	2	2	2	2	2	8
cell_121	2	3	0	0	0	2	2	2	2	3	5	2	0	3	2	5
cell_908	0	0	2	5	0	0	2	8	2	2	2	0	0	0	2	0
cell_138	0	0	0	5	5	5	2	2	20	0	2	0	0	4	2	5
cell_36	0	3	0	0	0	0	2	2	0	2	0	2	2	0	2	5
cell_236	12	0	0	0	0	16	2	2	0	0	0	3	5	4	2	5
cell_243	0	26	0	53	2	5	2	2	0	0	9	2	0	4	2	5
cell_383	10	0	0	5	2	2	2	2	0	2	0	5	2	2	2	5
cell_672	0	0	0	0	2	0	0	0	2	2	2	0	5	0	4	34
cell_155	0	2	0	0	0	5	2	2	0	0	2	0	10	4	2	5
cell_670	0	0	0	0	0	0	0	0	2	2	2	0	5	0	4	0
cell_416	2	0	0	0	2	0	0	2	0	0	0	2	0	0	2	5
cell_87	0	3	0	0	10	2	2	2	2	0	0	0	0	0	2	5
cell_553	0	0	0	0	5	0	3	0	2	2	2	0	2	0	2	2
cell_346	10	0	0	0	2	2	2	2	2	2	2	5	2	14	2	5
cell_629	4	5	0	0	0	3	2	0	0	2	2	0	2	0	2	2
cell_483	0	0	0	3	2	2	6	2	0	0	3	0	2	0	2	5
cell_1020	0	0	2	2	0	0	2	2	2	2	0	0	0	0	2	0
cell_754	0	0	0	0	2	0	0	2	0	2	2	0	0	0	2	0
cell_778	0	8	2	0	0	0	2	0	0	2	0	2	0	2	2	8
cell_902	0	0	2	5	5	0	2	0	0	2	2	0	0	2	2	0
cell_785	0	0	2	0	0	4	2	0	0	2	0	2	2	2	2	8
cell_458	0	0	0	0	2	2	0	2	0	0	0	5	2	2	2	5
cell_589	2	2	5	0	0	4	2	0	0	2	3	0	2	2	2	2
cell_199	26	0	0	3	2	0	2	2	0	0	0	2	0	4	2	5
cell_856	0	0	2	0	0	0	2	0	0	2	2	2	2	2	2	8
cell_673	4	5	0	2	0	0	0	2	2	2	2	0	0	2	2	0
cell_554	0	0	0	0	5	0	3	0	2	2	2	0	2	0	2	2
cell_521	0	0	16	0	0	0	3	0	0	2	0	0	2	0	2	0
cell_533	2	0	0	0	0	2	3	0	9	2	0	12	2	0	0	2
cell_970	0	23	2	2	0	0	2	0	4	2	0	2	0	0	2	0
cell_654	0	0	5	2	9	2	2	0	2	2	2	0	2	0	0	0
cell_891	0	2	2	0	12	0	2	2	0	2	2	2	2	2	2	8
