V1	V2	V3	V4	V5	V6	V7	V8	V9	V10	V11	V12	V13	V14	V15	V16
cell_149	0	0	0	0	0	0	0	0	0	0	0	0	0	0	0	0
cell_972	0	0	0	0	0	0	0	0	2	0	0	0	0	0	2	0
cell_491	0	0	0	0	0	0	0	5	2	0	0	0	0	0	0	0
cell_1893	0	0	0	2	0	0	0	0	0	0	0	2	0	0	0	0
cell_859	9	0	0	0	2	0	0	0	0	0	0	0	0	2	0	0
cell_615	2	0	2	0	0	0	0	0	0	0	0	0	0	0	0	0
cell_1980	0	0	2	3	0	0	0	0	0	0	0	2	0	0	2	0
cell_186	0	0	0	0	0	0	0	0	0	0	0	0	0	0	0	0
cell_1102	0	0	2	2	0	0	0	0	12	0	0	2	4	3	0	0
cell_305	0	0	0	0	0	0	0	2	0	0	0	0	2	0	0	0
cell_1801	0	0	0	0	0	0	0	0	0	0	0	2	0	0	0	0
cell_409	15	0	0	0	0	0	2	0	0	0	0	0	0	0	0	0
cell_1034	0	0	0	0	3	0	14	0	12	5	0	2	0	0	0	0
cell_1328	0	0	2	0	0	0	0	0	0	0	0	2	0	0	0	0
cell_962	0	0	0	0	0	0	0	0	2	0	0	0	0	0	0	0
cell_1639	0	0	0	0	0	0	0	0	0	0	0	2	0	0	0	0
cell_1940	0	0	0	0	0	0	0	0	0	2	0	2	0	2	2	0
cell_1827	0	0	0	0	0	0	0	5	0	0	41	2	0	0	2	0
cell_1464	0	0	0	2	0	2	0	0	0	0	0	2	0	0	0	0
cell_1617	0	0	0	5	0	0	0	0	2	2	0	2	0	0	0	0
cell_180	0	0	0	0	0	0	0	0	0	0	0	0	0	0	0	0
cell_576	0	0	2	2	0	0	0	0	0	0	0	0	0	0	0	2
cell_629	4	0	2	0	0	0	0	0	0	0	0	0	0	0	0	0
cell_856	9	0	5	0	0	0	0	0	0	0	2	0	0	2	0	0
cell_803	0	0	0	0	0	0	0	0	0	0	0	0	0	2	2	0
cell_1692	0	0	0	10	0	0	0	0	0	2	0	2	0	0	0	0
cell_1171	0	0	0	0	0	2	0	0	12	0	0	2	0	0	0	2
cell_116	0	0	0	0	0	0	0	10	0	0	0	0	2	0	0	2
cell_702	0	0	0	4	0	0	0	0	0	0	2	0	5	0	0	0
cell_1386	0	0	0	2	0	2	0	0	0	0	0	2	2	2	0	0
cell_1116	0	0	2	0	0	0	0	0	12	2	0	2	4	3	0	0
cell_502	0	0	0	0	0	0	0	5	2	0	0	0	0	0	0	0
cell_551	21	0	2	0	0	0	5	0	0	10	0	0	0	0	0	2
cell_1889	2	0	0	2	0	0	0	0	0	0	0	2	0	0	0	0
cell_1921	0	0	72	0	0	0	0	0	0	0	0	2	0	2	2	0
cell_1361	0	0	0	0	0	0	0	0	0	0	2	2	0	0	0	0
cell_1800	0	0	0	0	0	0	2	0	0	0	0	2	0	0	0	0
cell_410	15	0	0	0	0	0	2	0	0	0	0	0	0	0	0	0
cell_230	0	0	0	0	0	0	6	0	0	2	0	0	0	2	0	0
cell_1615	0	0	0	0	3	0	0	0	2	0	0	2	0	0	0	0
cell_1943	0	0	0	0	0	0	0	0	0	0	0	2	0	2	2	0
cell_246	0	0	0	0	0	0	0	0	0	2	0	0	0	2	0	0
cell_1952	0	0	0	0	0	0	0	0	0	2	0	2	2	2	2	7
cell_53	0	0	0	0	0	0	2	0	0	0	0	0	0	0	0	11
cell_1533	0	0	0	0	0	0	0	0	0	0	0	2	0	0	0	0
cell_1490	0	0	0	0	0	0	0	0	0	0	0	2	0	0	0	0
cell_1189	4	0	0	0	5	2	0	2	12	2	0	2	2	0	0	2
cell_1894	0	0	0	2	0	0	0	0	0	0	0	2	0	0	0	0
cell_520	0	0	2	0	0	0	0	0	2	0	0	0	0	0	0	2
cell_746	0	0	0	0	0	0	0	0	0	0	0	3	0	0	0	0
cell_1088	2	0	0	0	0	0	0	0	12	0	0	2	0	0	0	0
cell_177	0	0	0	0	0	0	0	0	0	0	0	0	0	0	0	0
cell_197	0	0	0	0	0	0	0	0	0	0	0	0	0	0	0	0
cell_266	0	0	0	0	2	2	0	2	0	0	2	0	2	0	0	0
cell_967	0	0	0	0	0	0	0	0	2	0	0	0	0	0	0	0
cell_2011	0	0	0	0	0	0	0	0	0	0	2	2	0	0	0	0
cell_1869	0	0	0	0	0	0	0	0	0	2	0	2	0	0	0	0
cell_1149	0	0	2	0	0	0	0	0	12	0	0	2	0	3	0	2
cell_860	9	0	0	0	2	0	0	0	0	0	0	0	0	2	0	0
cell_1388	0	0	0	2	0	2	0	0	0	0	0	2	0	2	0	0
cell_1892	0	0	0	2	0	0	0	0	0	0	0	2	0	0	0	0
cell_172	0	0	0	0	0	0	0	0	0	0	0	0	0	0	0	0
cell_1016	0	0	0	0	2	0	0	0	0	0	0	0	0	0	0	0
cell_447	15	6	0	0	0	0	0	0	15	0	0	0	0	0	0	0
cell_135	0	0	0	0	0	0	0	3	2	0	0	2	0	0	0	0
cell_1337	0	0	2	0	0	0	0	0	0	0	0	2	0	0	3	0
cell_1415	0	0	0	5	0	0	0	0	0	0	0	2	0	0	0	0
cell_1122	2	0	2	2	0	0	0	3	12	0	0	2	0	3	0	0
cell_1385	0	0	0	2	0	2	0	0	0	0	0	2	2	2	0	0
cell_772	0	0	0	6	0	0	0	12	0	0	0	0	0	2	0	0
cell_1439	0	0	0	0	0	0	5	0	0	0	0	2	0	0	0	2
cell_150	0	0	0	0	0	0	0	0	0	0	0	0	0	0	0	0
cell_1310	3	0	0	0	0	0	0	0	0	0	0	2	0	0	0	0
cell_1037	0	0	2	0	0	0	0	0	12	5	0	2	0	0	0	0
cell_1462	0	0	0	0	0	2	0	0	0	0	0	2	0	0	0	0
cell_397	15	0	0	2	0	0	0	0	0	0	0	0	0	0	0	0
cell_1616	0	0	0	0	3	0	0	0	2	0	0	2	0	0	0	0
cell_1135	2	0	2	2	0	0	0	3	12	0	0	2	0	3	0	0
cell_704	0	0	0	4	0	0	0	0	0	0	4	0	5	0	0	0
cell_1156	0	0	0	0	2	2	0	0	12	0	0	2	0	0	0	2
cell_1319	0	0	2	0	0	0	2	0	0	0	0	2	0	0	0	0
cell_469	0	0	0	0	0	0	0	5	0	0	0	0	0	4	0	0
cell_125	0	0	5	0	0	0	0	0	2	0	0	0	2	0	0	0
cell_1502	0	0	0	0	0	0	0	0	0	0	0	2	0	0	0	0
cell_139	0	0	0	0	0	0	0	0	2	0	0	0	0	0	0	0
cell_1878	0	0	0	0	2	0	2	2	0	2	2	2	0	0	0	0
cell_298	21	0	0	0	0	0	0	2	0	0	0	0	2	0	5	0
cell_1068	0	0	0	0	3	0	0	2	12	0	2	2	0	0	0	0
cell_243	0	0	0	0	0	0	0	0	3	2	0	0	0	2	0	0
cell_906	2	0	0	0	0	0	0	0	0	0	0	0	0	0	0	0
cell_2029	0	34	2	0	0	0	0	0	5	0	0	2	0	0	0	0
cell_752	0	0	5	0	0	0	0	0	0	0	0	3	0	0	2	0
cell_119	0	0	0	0	0	0	0	10	0	0	0	0	2	0	0	3
cell_830	0	0	5	4	0	0	8	0	0	0	0	0	0	2	0	0
cell_151	0	0	0	0	0	0	0	0	0	0	0	0	0	0	0	0
cell_236	0	0	0	0	0	0	6	0	0	2	5	2	0	2	0	0
cell_2035	0	0	0	0	0	0	0	0	0	0	0	2	0	2	0	0
cell_2002	8	0	0	0	0	0	0	0	0	0	2	2	0	0	3	0
cell_536	0	0	2	0	0	0	0	0	0	0	5	0	0	0	0	2
cell_1591	0	0	0	0	0	0	0	0	0	0	0	2	0	49	0	0
cell_620	0	0	2	0	0	0	0	0	0	22	0	0	0	0	0	0
cell_174	0	0	0	0	0	0	0	4	0	0	0	0	0	0	0	0
cell_1012	3	0	0	0	2	0	4	0	0	0	0	0	0	0	0	5
cell_26	0	0	2	0	0	0	0	0	0	0	0	0	0	0	0	5
cell_309	0	0	0	0	0	0	0	2	0	0	0	0	2	0	0	0
cell_359	0	0	2	0	9	2	0	2	0	0	0	0	0	0	0	0
cell_1963	0	0	0	2	0	0	0	0	0	0	2	2	0	0	2	2
cell_968	0	0	0	0	0	0	0	0	2	0	0	0	0	0	0	0
cell_835	9	0	0	0	0	0	0	0	0	0	0	0	3	2	0	0
cell_1130	2	2	2	2	0	0	0	3	12	0	0	2	0	3	0	0
cell_136	0	0	0	0	0	0	0	3	2	0	0	2	0	0	0	0
cell_127	0	0	0	0	0	0	0	0	0	0	0	0	2	0	0	0
cell_1785	0	0	0	0	17	0	2	2	11	2	0	2	0	0	2	0
cell_1704	0	0	0	0	0	0	0	0	0	2	0	2	0	0	0	0
cell_763	0	2	0	0	2	0	0	0	0	0	0	3	0	0	0	0
cell_558	0	0	2	0	0	0	3	0	0	0	0	0	0	0	0	2
cell_961	0	0	0	0	0	0	0	0	2	0	0	0	0	0	0	0
cell_542	0	0	2	0	0	0	0	0	0	0	5	0	0	0	0	2
cell_927	2	0	0	0	0	0	0	0	0	0	0	0	0	0	0	3
cell_1028	0	0	0	0	0	0	0	0	12	5	2	2	0	0	0	0
cell_1178	0	0	0	0	0	2	0	0	12	0	0	2	0	0	0	2
cell_47	0	0	0	0	5	0	0	0	0	0	0	0	0	6	0	0
cell_1378	0	0	0	2	0	2	0	0	0	0	0	2	0	0	0	0
cell_1775	0	16	0	0	0	0	0	0	0	2	0	2	0	0	0	0
cell_1550	2	14	0	0	2	0	0	0	0	0	0	2	0	0	0	0
cell_890	9	0	3	0	0	0	0	2	0	0	0	0	4	2	0	0
cell_1793	0	0	0	0	0	0	0	0	0	0	0	2	0	0	0	0
cell_429	15	0	0	3	0	0	0	0	0	0	0	0	0	0	0	2
cell_344	0	0	0	0	2	0	0	2	0	0	2	0	0	0	0	0
cell_1120	3	10	2	0	0	0	0	0	12	0	0	2	4	3	0	0
cell_423	15	0	0	3	0	0	0	0	6	0	0	0	0	0	0	0
cell_1791	0	0	0	0	17	0	2	2	11	2	0	2	2	0	2	0
cell_1509	3	0	0	0	2	0	0	0	0	0	0	2	0	0	0	0
cell_405	15	0	0	0	0	0	2	0	0	0	0	0	0	0	0	0
cell_1803	0	0	0	0	0	0	0	0	0	0	0	2	0	0	0	0
cell_1876	0	0	0	0	0	0	2	2	0	2	0	2	0	0	0	0
cell_38	0	0	0	0	0	8	0	0	0	0	0	9	0	6	0	0
cell_942	2	0	0	0	0	0	0	6	0	2	0	2	0	0	0	0
cell_1274	0	0	0	0	0	2	0	0	12	0	9	2	2	0	0	0
cell_1000	0	2	5	0	0	0	0	0	0	0	0	2	2	0	0	0
cell_1219	0	0	0	0	2	2	0	0	12	0	9	2	0	3	4	0
cell_170	0	0	0	0	0	0	0	0	0	0	0	0	0	0	0	0
cell_914	2	0	0	0	0	0	0	4	0	0	0	0	0	0	0	0
cell_720	0	0	0	0	0	0	0	2	0	0	0	3	0	0	0	2
cell_188	0	0	0	0	0	0	0	0	0	0	2	0	0	0	0	5
cell_407	15	0	0	0	0	0	2	0	0	0	0	0	0	0	0	0
cell_774	0	0	0	6	0	0	0	12	0	0	0	0	0	2	0	0
cell_1641	0	0	0	0	0	0	0	0	0	0	0	2	5	0	2	0
cell_40	0	0	0	0	0	8	0	0	0	0	0	0	0	6	0	0
cell_1416	0	0	0	5	0	0	0	0	0	0	0	2	0	0	0	0
cell_1121	2	0	2	2	0	0	0	3	12	0	0	2	0	3	0	0
cell_57	0	0	0	0	0	0	0	0	0	0	17	0	2	0	0	0
cell_903	2	2	0	0	0	0	0	2	0	0	0	0	0	0	4	0
cell_64	0	0	0	0	0	0	0	0	0	0	0	0	2	0	0	0
cell_1110	0	0	2	0	0	0	0	0	12	0	0	2	4	3	3	0
cell_1082	2	0	2	0	0	0	0	2	12	0	0	2	0	0	2	0
cell_142	0	0	0	0	0	0	0	0	2	0	0	0	0	2	0	0
cell_1673	0	0	0	0	0	0	0	0	0	2	0	2	0	0	0	3
cell_612	0	0	2	2	0	0	8	0	15	8	5	0	2	0	0	0
cell_370	0	0	2	0	0	0	0	2	0	0	0	0	0	0	0	0
cell_51	0	0	0	0	0	0	0	0	0	0	0	0	0	0	0	0
cell_1066	0	0	0	0	3	0	0	0	12	0	2	2	0	0	0	0
cell_109	0	0	0	0	0	0	0	2	4	0	0	0	2	0	0	0
cell_1816	0	0	0	0	0	0	0	0	0	0	0	2	0	0	0	0
cell_1340	0	0	2	0	0	0	0	0	0	0	2	2	0	0	3	0
cell_1642	0	0	0	0	0	0	0	0	0	0	0	2	5	0	2	0
cell_1265	0	2	0	0	0	2	0	0	12	0	9	2	2	0	0	0
cell_742	0	0	0	2	0	0	0	2	0	3	0	3	0	0	0	0
cell_1656	0	0	0	0	0	0	0	0	0	0	0	2	0	2	0	0
cell_643	0	0	0	0	0	0	0	2	0	0	0	0	0	0	0	0
cell_75	0	2	0	0	0	0	0	0	0	0	0	0	2	0	3	0
cell_897	2	0	0	0	0	0	0	0	0	0	0	0	0	0	4	0
cell_235	0	0	0	0	0	0	6	0	0	2	5	2	0	2	0	0
cell_175	0	0	0	0	0	0	0	4	0	2	0	0	0	0	0	0
cell_806	0	0	0	0	0	0	0	0	0	0	0	0	0	2	2	0
cell_1628	0	0	0	0	0	0	0	0	2	0	0	2	0	0	0	0
cell_1293	0	0	0	0	0	0	0	0	0	0	0	2	0	0	0	0
cell_1251	0	2	0	0	2	2	0	0	12	5	9	2	2	0	0	0
cell_1851	0	0	0	0	0	0	0	0	0	0	0	2	0	0	2	0
cell_687	0	2	0	0	0	0	0	0	0	0	145	2	0	0	0	0
cell_988	0	0	0	2	0	0	0	0	0	0	0	0	2	0	0	0
cell_331	0	0	0	0	0	0	0	2	0	0	0	2	0	0	0	2
cell_1129	2	2	2	2	0	0	0	3	12	0	0	2	0	3	0	0
cell_1221	0	0	0	0	2	2	0	0	12	0	9	2	0	3	0	0
cell_1151	0	0	2	0	0	0	0	0	12	0	0	2	0	3	0	2
cell_1577	0	0	3	0	0	0	2	0	0	0	0	2	0	0	0	0
cell_578	0	2	2	0	0	0	0	0	4	0	0	0	0	0	0	2
cell_1995	0	0	0	0	0	0	0	0	0	0	2	2	0	0	0	0
cell_354	0	0	2	0	9	2	0	2	0	0	0	0	0	0	0	0
cell_831	0	0	5	0	0	0	8	0	0	0	0	0	0	2	0	0
cell_825	0	0	0	0	0	0	8	0	0	0	0	0	0	2	0	3
cell_369	0	0	2	0	0	0	0	2	0	0	0	0	0	0	0	0
cell_1969	0	0	2	0	0	0	0	0	0	0	0	2	0	0	2	0
cell_42	0	0	0	0	5	0	0	5	0	0	0	0	0	6	0	0
cell_676	0	0	0	0	0	0	0	0	0	2	0	2	0	0	0	0
cell_823	0	0	0	0	0	0	8	58	0	0	0	0	0	2	0	0
cell_525	0	0	2	0	0	0	0	0	0	0	0	0	0	0	0	2
cell_1477	0	0	0	0	0	0	0	0	0	0	0	2	0	0	0	2
cell_1253	0	0	0	0	2	2	0	0	12	5	9	2	2	0	0	0
cell_345	0	0	0	0	0	0	0	2	0	0	2	0	0	0	0	0
cell_260	0	0	3	0	2	0	0	2	0	0	0	0	2	0	0	0
cell_1719	0	0	0	0	0	0	0	0	0	2	0	2	0	0	0	0
cell_325	0	0	0	0	0	0	0	2	0	0	0	0	0	0	0	0
cell_1880	0	0	0	0	2	0	2	2	0	2	2	2	0	0	0	0
cell_1794	0	0	0	0	0	0	0	0	0	0	0	2	0	0	0	0
cell_1744	0	0	0	0	0	0	0	3	0	2	0	2	0	0	0	0
cell_128	0	0	0	0	0	0	0	0	0	0	0	0	2	0	0	0
cell_837	9	0	0	2	0	0	0	0	0	0	0	0	3	2	0	0
cell_2019	0	0	2	0	2	0	0	0	0	0	15	2	0	0	0	0
cell_273	0	0	0	0	0	5	0	2	0	0	0	3	2	0	0	0
cell_619	0	0	2	0	0	0	0	0	0	22	0	0	0	0	0	0
cell_1398	0	0	0	0	0	0	2	0	0	0	0	2	0	0	0	0
cell_715	0	0	0	0	0	0	0	2	0	0	0	3	0	0	0	0
cell_55	0	0	0	0	0	0	0	0	0	0	0	0	0	0	0	11
cell_575	0	0	2	2	0	0	0	0	0	0	0	0	0	0	0	2
cell_497	0	0	0	0	0	0	0	5	2	0	0	0	0	0	0	0
cell_1967	0	0	0	2	0	0	0	0	0	0	2	2	0	0	2	2
cell_1644	0	0	0	0	0	0	0	0	0	0	0	2	5	0	2	0
cell_50	0	0	0	0	0	0	0	0	0	0	0	0	0	0	0	0
cell_538	0	0	2	0	0	0	0	2	0	0	5	0	0	0	0	2
cell_1884	0	2	0	0	0	0	0	2	0	2	0	2	0	0	0	0
cell_1657	0	0	0	0	0	0	0	0	0	0	0	2	0	2	0	0
cell_1595	0	0	0	0	0	0	0	0	0	0	0	2	0	0	0	0
cell_92	0	2	0	0	0	0	0	0	0	0	0	0	2	0	0	0
cell_1239	0	0	3	0	2	2	0	0	12	0	9	2	0	0	0	0
cell_182	0	0	0	0	0	0	0	2	0	0	0	0	0	0	0	0
cell_1680	0	0	0	0	0	0	0	0	0	2	0	2	0	0	0	0
cell_581	0	2	2	0	0	0	0	0	0	0	0	0	0	0	0	2
cell_7	0	0	2	0	0	0	0	0	0	0	0	0	3	0	0	5
cell_1252	0	2	0	0	2	2	0	0	12	5	9	2	2	0	0	0
cell_1362	0	0	0	0	0	0	0	0	0	0	2	2	0	0	0	0
cell_183	0	0	0	0	0	0	0	0	0	0	0	0	0	0	0	0
cell_1180	6	0	0	0	0	2	0	0	12	0	0	2	0	0	0	2
cell_1918	0	0	0	2	0	0	0	0	0	0	0	2	0	0	0	0
cell_141	0	0	0	0	0	0	0	0	2	0	0	0	0	2	0	0
cell_1359	0	0	0	0	0	0	0	0	0	0	0	2	0	0	2	0
cell_1062	0	0	0	0	0	0	0	0	12	0	0	2	0	0	0	0
cell_1847	0	0	0	0	0	0	0	2	0	0	0	2	4	0	2	0
cell_904	2	2	0	0	0	0	0	2	0	0	0	0	0	0	4	0
cell_1600	0	0	0	0	0	0	0	0	0	0	0	2	0	0	0	0
cell_1544	2	0	0	9	0	0	0	0	0	0	0	2	0	0	0	4
cell_876	9	0	3	0	0	0	0	0	0	0	0	0	4	2	0	2
cell_1523	0	0	0	0	0	0	0	2	0	0	0	2	2	0	0	0
cell_1414	0	0	0	0	0	0	0	0	0	0	0	2	0	0	0	0
cell_879	9	0	3	0	8	0	0	0	0	0	0	0	4	2	3	2
cell_1427	0	0	0	0	0	0	0	0	0	0	0	2	0	0	0	0
cell_936	2	0	0	0	0	0	0	0	0	0	0	2	0	0	0	0
cell_892	9	0	3	0	0	0	0	2	0	0	0	0	4	2	0	0
cell_1562	2	5	0	2	0	0	0	2	0	0	0	2	0	0	0	0
cell_1603	0	0	0	0	0	0	0	0	2	0	0	2	0	0	0	0
cell_129	0	0	0	0	0	0	0	3	2	0	0	2	0	0	0	0
cell_1726	0	0	0	0	0	0	0	0	0	2	0	2	0	0	0	0
cell_1734	0	0	0	0	0	0	0	0	0	2	0	2	0	0	0	0
cell_1389	2	0	2	2	0	0	0	0	0	0	0	2	0	2	0	0
cell_327	0	0	0	0	0	0	0	2	0	0	0	0	0	0	0	0
cell_832	0	0	5	0	0	0	8	0	0	0	0	0	0	2	0	0
cell_867	9	0	3	0	0	0	2	0	0	0	0	0	4	2	0	2
cell_1975	0	0	2	0	0	0	0	0	0	0	0	2	0	0	2	0
cell_414	15	0	0	0	0	2	2	0	0	0	0	0	0	0	0	0
cell_185	0	0	0	0	0	0	0	0	0	0	0	0	0	0	0	0
cell_352	0	0	0	0	0	0	0	2	0	0	2	0	0	0	0	0
cell_665	0	4	0	0	2	0	0	0	0	0	0	0	0	2	0	0
cell_1521	0	0	0	0	0	0	0	0	0	0	0	2	0	0	0	0
cell_267	0	0	0	0	2	2	0	2	0	0	0	0	2	0	0	0
cell_1907	0	0	0	2	0	3	121	0	0	0	2	2	2	0	0	0
cell_286	0	0	0	0	0	0	0	2	0	0	0	0	2	0	0	0
cell_804	0	0	0	0	0	0	0	0	0	0	0	0	0	2	2	0
cell_400	15	0	0	0	0	0	0	0	0	0	0	3	0	0	0	0
cell_319	0	0	0	2	0	0	0	2	0	0	0	0	2	0	0	0
cell_2015	0	0	0	0	0	0	0	0	0	0	2	2	0	0	0	0
cell_454	0	0	0	2	0	0	0	5	0	0	0	0	0	0	0	0
cell_1936	0	0	0	0	0	0	0	0	2	0	0	2	0	2	2	0
cell_389	15	0	0	0	0	0	0	0	0	0	0	0	0	0	0	0
cell_678	0	0	0	0	0	0	0	0	0	0	0	2	0	0	0	0
cell_675	0	0	0	0	0	0	0	0	0	2	0	2	0	0	0	0
cell_1011	3	0	0	0	2	0	4	0	0	0	0	0	0	0	0	5
cell_1853	0	0	0	0	0	0	0	0	0	0	0	2	0	0	2	0
cell_1286	0	0	0	0	0	0	0	0	0	0	0	2	0	0	0	2
cell_682	0	0	0	0	0	0	0	0	0	0	0	2	0	0	0	0
cell_1777	0	0	0	5	0	0	0	41	4	2	0	2	0	0	2	0
cell_2048	0	6	0	0	0	0	0	0	2	0	0	2	0	2	0	0
cell_1906	0	0	0	2	0	3	0	0	0	0	2	2	2	0	0	0
cell_672	0	0	0	0	2	0	22	0	0	2	0	0	0	2	0	0
cell_241	0	0	2	0	0	0	0	0	3	2	0	0	0	2	0	0
cell_366	0	0	2	0	0	0	0	2	5	0	0	2	0	0	2	0
cell_1672	2	0	0	0	0	0	0	0	5	2	0	2	0	0	0	0
cell_1314	0	0	2	0	0	2	2	0	0	0	0	2	0	0	0	0
cell_730	0	0	0	0	0	0	0	2	4	0	0	3	0	0	3	0
cell_1055	0	0	0	0	0	0	0	0	12	0	0	2	0	0	0	0
cell_592	0	2	2	0	0	0	0	0	0	2	0	0	0	0	0	2
cell_760	0	2	0	0	0	0	0	0	0	0	0	3	0	0	0	0
cell_1778	0	0	0	5	0	0	0	41	4	2	0	2	0	0	2	0
cell_1755	0	0	0	5	2	0	0	9	0	2	0	2	0	0	0	0
cell_1015	0	0	0	0	2	0	0	0	0	0	0	0	0	0	0	0
cell_1383	0	0	0	2	0	0	0	0	0	0	0	2	0	0	0	0
cell_394	15	0	0	0	0	0	0	0	3	0	0	0	0	5	0	0
cell_639	0	0	2	2	3	0	3	0	0	0	0	0	0	0	0	0
cell_1611	0	0	0	0	3	0	0	0	2	0	0	2	0	0	0	0
cell_695	0	0	0	4	0	2	0	0	0	0	5	0	5	2	0	0
cell_887	9	0	3	0	0	0	0	5	0	0	2	0	4	2	0	0
cell_1838	0	59	0	0	0	0	0	0	0	0	0	2	0	0	2	0
cell_1714	0	0	0	0	0	0	0	0	0	2	0	2	0	0	0	0
cell_1654	0	0	0	0	0	0	0	0	0	0	0	2	0	2	0	0
cell_440	15	0	0	0	4	0	0	0	0	0	0	0	0	0	0	0
cell_701	0	0	0	4	0	0	0	0	0	0	2	0	5	0	0	0
cell_1715	0	0	0	0	0	0	0	0	0	2	0	2	0	0	0	0
cell_849	9	0	5	0	0	8	0	0	0	0	0	0	2	2	0	0
cell_1700	0	0	0	0	0	0	0	0	0	2	0	2	0	0	0	0
cell_1133	2	0	2	2	0	0	0	3	12	0	0	2	0	3	0	0
cell_2036	0	0	0	0	0	0	0	0	0	0	0	2	0	2	0	0
cell_955	2	0	0	0	0	0	0	0	2	0	0	3	0	2	0	0
cell_465	0	0	0	0	0	2	0	5	0	0	0	0	0	4	0	0
cell_776	0	0	0	6	0	0	0	12	0	0	0	0	0	2	0	0
cell_1056	0	0	0	0	0	0	0	0	12	0	0	2	0	0	0	0
cell_699	0	0	0	4	0	0	0	0	0	0	0	30	5	0	0	0
cell_1956	0	0	0	0	0	0	0	0	0	0	2	2	0	0	2	2
cell_1030	0	2	0	0	0	0	0	0	12	5	0	2	0	0	0	0
cell_16	0	0	0	0	0	0	0	2	0	0	0	4	3	0	57	5
cell_1375	0	0	0	0	4	0	0	0	0	0	0	2	2	0	0	0
cell_1382	0	0	0	2	0	0	0	0	0	0	0	2	0	0	0	0
cell_318	0	0	0	0	0	0	0	2	0	0	0	0	2	0	0	0
cell_1094	0	0	2	2	0	2	2	0	12	0	0	2	4	3	5	0
cell_1043	0	0	0	0	0	0	0	0	12	0	0	2	0	0	0	0
cell_1983	0	0	2	3	0	0	0	0	0	0	0	2	0	0	2	0
cell_1984	0	0	2	3	0	0	0	0	0	0	0	2	0	0	2	0
cell_445	15	6	0	0	0	0	0	5	15	0	0	0	0	0	0	0
cell_1127	2	0	2	2	0	0	0	3	12	0	0	2	0	3	2	0
cell_1564	2	5	0	2	0	0	0	2	0	0	0	2	0	0	0	0
cell_2046	0	6	0	0	0	0	0	0	0	0	0	2	0	2	0	0
cell_779	0	52	0	6	0	0	0	12	0	0	0	0	0	2	0	0
cell_396	15	0	0	0	0	0	0	0	0	0	0	0	0	5	0	0
cell_819	0	0	3	0	0	0	8	0	0	0	2	2	0	2	0	0
cell_621	0	0	2	5	0	0	0	0	0	0	0	0	0	0	0	0
cell_295	6	0	5	0	0	0	0	2	0	0	0	0	2	0	0	0
cell_232	0	0	0	0	0	0	6	0	0	2	0	0	0	2	0	0
cell_1419	2	0	0	0	0	0	0	0	0	0	0	2	0	0	0	0
cell_291	6	0	0	0	0	0	0	2	0	0	0	0	2	0	0	0
cell_1479	0	0	0	0	0	0	0	0	5	0	0	2	0	0	0	0
cell_208	0	3	2	0	0	0	0	0	0	0	0	0	4	0	0	0
cell_866	9	0	3	0	0	0	2	2	0	0	0	0	4	2	0	2
cell_808	0	0	0	0	0	0	0	0	0	0	0	0	0	2	2	2
cell_1145	0	0	2	0	0	0	0	0	12	0	0	2	0	3	13	0
cell_1899	3	0	0	2	0	0	0	0	0	0	0	2	0	0	0	0
cell_1440	0	0	0	0	0	0	5	0	0	0	0	2	0	0	0	2
cell_25	0	0	2	0	0	0	0	0	0	0	0	0	0	0	0	5
cell_296	6	0	5	0	0	0	0	2	0	0	0	0	2	0	0	0
cell_1677	0	0	11	0	0	0	0	0	0	2	0	2	0	0	0	0
cell_1459	0	0	0	0	0	0	0	0	0	0	0	2	0	0	0	0
cell_1216	0	0	0	0	5	2	2	0	12	0	0	2	0	0	0	2
cell_1758	0	0	0	0	2	8	0	9	0	2	0	2	0	0	3	0
cell_1431	0	0	0	0	0	2	0	0	0	0	0	2	0	0	0	0
cell_1245	3	0	0	2	2	2	0	0	12	0	9	2	0	0	0	0
cell_1721	0	0	0	0	0	0	0	0	0	2	0	2	0	0	0	0
cell_270	0	0	0	2	2	2	0	2	0	0	0	0	2	0	0	0
cell_1805	0	0	3	2	0	0	0	0	0	0	0	2	0	0	0	0
cell_1475	0	0	0	0	0	4	0	0	0	0	0	2	0	0	0	0
cell_311	0	0	0	0	0	2	0	2	0	0	0	0	2	0	0	0
cell_1740	0	0	0	0	0	0	0	3	0	2	0	2	0	0	0	3
cell_367	0	0	2	0	0	0	0	2	0	0	0	0	0	0	2	0
cell_258	0	0	0	0	2	0	0	2	0	0	0	0	2	0	0	0
cell_1620	0	0	0	5	0	0	0	0	2	0	0	2	0	0	0	0
cell_852	9	0	5	0	0	0	0	0	0	0	0	0	0	2	0	0
cell_1996	0	0	0	0	0	0	0	0	0	0	2	2	0	0	0	0
cell_335	0	0	0	0	0	0	0	2	0	0	0	0	0	0	0	0
cell_1412	0	0	0	0	0	0	0	0	0	2	0	2	0	2	0	0
cell_500	0	0	0	0	0	0	0	5	2	0	0	0	0	0	0	0
cell_940	2	0	0	0	0	0	2	0	0	0	0	2	2	0	0	0
cell_953	2	0	0	0	0	0	0	0	2	0	0	0	0	2	0	0
cell_346	0	0	0	0	0	0	0	2	0	0	2	0	0	0	0	0
cell_1504	0	0	0	0	0	0	0	0	0	0	0	2	0	0	0	0
cell_1266	0	2	0	0	0	2	0	0	12	0	9	2	2	0	0	0
cell_96	0	2	0	0	0	0	0	0	0	0	0	0	2	0	0	0
cell_9	0	5	0	0	0	0	0	0	0	0	0	0	3	0	0	5
cell_511	11	0	0	0	0	0	0	5	2	0	0	0	2	0	0	0
cell_935	2	0	0	0	0	0	0	0	0	0	0	2	0	0	0	0
cell_494	0	0	0	0	0	0	0	5	2	0	0	0	0	0	0	0
cell_753	0	2	0	0	0	0	0	0	0	0	0	3	0	0	0	0
cell_709	0	0	0	0	2	0	0	2	0	0	0	3	0	0	0	0
cell_1581	0	0	0	0	0	0	2	0	0	0	0	2	0	0	0	0
cell_1647	0	0	0	0	5	0	0	0	0	0	0	2	5	0	0	0
cell_173	0	0	0	0	0	0	0	4	0	0	0	0	0	0	0	0
cell_1645	0	0	0	0	0	0	0	0	0	0	0	2	5	0	58	0
cell_233	0	0	0	0	0	0	6	0	0	2	0	2	0	2	0	0
cell_795	0	0	5	6	0	0	0	0	0	0	0	0	0	2	0	0
cell_784	0	0	0	6	0	0	0	12	0	0	0	0	0	2	0	0
cell_1678	0	0	11	0	0	0	0	0	0	2	0	2	0	0	0	0
cell_800	0	0	5	6	0	0	0	0	0	0	0	2	0	2	0	0
cell_56	0	0	0	0	0	0	0	0	0	0	0	0	0	0	0	11
cell_2016	0	0	0	0	0	0	0	0	0	0	2	2	0	0	0	0
cell_408	15	0	0	0	0	0	2	0	0	0	0	0	0	0	0	0
cell_628	0	0	2	0	0	0	0	0	0	0	0	2	0	2	0	0
cell_1596	0	0	0	0	0	0	0	0	0	0	0	2	0	0	0	0
cell_1157	0	0	0	0	2	2	0	0	12	0	0	2	0	0	0	2
cell_1494	0	0	2	0	0	0	0	0	0	0	0	2	0	0	0	0
cell_1042	0	0	0	0	0	0	0	0	12	0	0	2	0	0	0	0
cell_785	0	0	5	6	0	0	0	0	0	0	0	0	0	2	0	0
cell_290	6	0	0	0	0	0	0	2	0	0	0	0	2	0	0	0
cell_1529	0	0	0	0	0	0	0	0	0	0	0	2	0	0	0	0
cell_1119	3	10	2	0	0	0	0	0	12	0	0	2	4	3	0	0
cell_513	0	0	2	0	0	0	0	0	2	0	0	0	2	0	0	2
cell_519	0	0	2	0	0	0	0	0	2	0	0	0	0	0	0	2
cell_1689	0	0	0	10	0	0	0	132	0	2	0	2	0	0	0	0
cell_2020	0	0	2	0	2	0	0	0	0	0	15	2	0	0	0	0
cell_1665	0	0	0	0	0	0	0	0	0	2	0	2	0	0	0	0
cell_614	0	0	2	0	0	0	0	0	0	0	0	0	0	0	0	0
cell_402	15	0	4	0	0	0	2	0	0	0	2	0	0	0	0	0
cell_1541	2	0	0	9	0	0	0	0	0	0	0	2	0	2	0	4
cell_306	0	0	0	0	0	0	0	2	0	0	0	0	2	0	0	0
cell_841	9	0	0	0	0	0	0	0	0	0	0	0	3	2	0	0
cell_1833	0	0	0	0	0	0	0	0	0	0	0	2	0	0	2	0
cell_1886	0	0	0	0	0	2	0	2	0	2	0	2	0	0	0	3
cell_669	0	0	0	0	2	0	0	0	0	0	0	0	0	2	0	0
cell_1539	2	0	0	9	0	0	0	0	0	0	0	2	0	0	0	4
cell_1587	0	0	0	0	0	0	0	0	0	0	0	2	0	0	0	0
cell_427	15	0	0	3	0	0	0	0	0	0	0	0	0	0	0	0
cell_792	0	0	5	6	0	0	0	0	0	0	0	0	0	2	0	0
cell_863	9	0	0	0	0	0	0	0	0	0	0	0	0	2	2	0
cell_1571	0	4	0	0	0	0	2	0	0	0	0	2	0	0	0	0
cell_1365	0	0	0	0	0	0	0	0	2	0	2	2	0	0	0	0
cell_1811	0	0	0	2	0	0	0	0	0	0	0	2	0	0	0	0
cell_1161	0	0	0	0	0	2	0	0	12	0	0	2	0	0	0	2
cell_1986	0	0	2	0	0	0	0	0	0	0	2	2	0	0	0	0
cell_659	0	0	0	0	0	13	0	0	0	0	0	0	0	2	0	0
cell_417	15	0	0	3	0	2	0	0	0	0	0	0	0	0	0	0
cell_651	0	0	0	0	0	0	0	0	0	0	0	0	0	0	0	0
cell_143	0	0	0	0	0	0	0	0	2	0	0	0	0	2	0	0
cell_680	0	0	0	0	0	0	0	0	0	0	0	2	0	0	0	0
cell_1797	0	0	0	0	0	0	2	0	0	0	0	2	0	0	0	0
cell_1246	3	0	0	2	2	2	0	0	12	0	9	2	0	0	0	0
cell_404	15	0	4	0	0	0	2	0	0	0	0	0	0	0	0	0
cell_1070	0	0	0	0	3	0	0	0	12	0	2	2	0	0	0	0
cell_1393	0	0	0	0	0	0	2	0	0	0	0	2	0	0	0	0
cell_1217	0	0	0	0	2	2	0	0	12	0	9	2	0	3	0	0
cell_1096	0	0	2	2	0	2	0	0	12	0	0	2	4	3	0	0
cell_834	9	0	0	0	0	3	0	0	0	0	0	0	3	2	0	0
cell_471	0	0	0	0	0	0	0	5	0	0	0	0	0	4	0	0
cell_1170	0	0	0	0	0	2	0	0	12	0	0	2	0	0	0	2
cell_1220	0	0	0	0	2	2	0	0	12	0	9	2	0	3	4	0
cell_1773	0	16	0	0	0	0	0	0	0	2	0	2	0	0	0	0
cell_1786	0	0	0	0	17	0	2	2	11	2	0	2	0	0	2	0
cell_874	9	0	3	0	0	0	0	0	0	0	0	0	4	2	0	2
cell_1770	0	0	0	0	0	0	0	0	0	2	0	2	0	0	0	0
cell_1321	0	0	2	0	0	0	0	0	0	0	0	2	0	0	0	0
cell_822	0	0	0	0	0	0	8	58	0	0	0	0	0	2	0	0
cell_399	15	0	0	0	0	0	0	0	0	0	0	3	0	0	0	0
cell_98	0	0	0	0	0	0	0	0	0	0	0	0	2	0	0	0
cell_1333	0	0	2	0	0	0	0	0	0	0	0	2	0	0	2	2
cell_1728	0	0	0	0	0	0	0	0	0	2	0	2	0	0	0	0
cell_145	0	0	0	9	0	0	0	0	10	0	0	0	0	0	0	0
cell_630	4	0	2	0	0	0	0	0	0	0	0	0	0	0	0	0
cell_891	9	0	3	0	0	0	0	2	0	0	0	0	4	2	0	0
cell_190	0	0	0	0	0	0	0	0	5	0	0	0	0	0	0	0
cell_978	0	0	0	0	0	2	0	0	0	0	0	0	2	0	0	20
cell_1046	0	0	0	0	0	0	0	0	12	5	4	2	0	0	0	2
cell_1573	0	0	0	48	0	0	2	0	0	0	0	2	0	0	0	0
cell_1989	0	0	0	2	2	0	0	0	0	0	2	2	0	0	0	2
cell_912	2	0	2	0	0	0	0	0	0	0	0	0	0	0	0	0
cell_1638	0	0	0	0	0	0	0	0	0	0	0	2	0	0	0	0
cell_1295	0	0	0	3	0	0	0	0	0	0	0	2	0	0	0	0
cell_478	0	0	0	0	0	0	0	5	0	0	0	0	0	4	0	0
cell_1381	0	0	0	2	0	0	0	0	0	0	0	2	0	0	0	0
cell_248	0	0	0	0	0	0	0	0	0	2	0	0	0	2	0	0
cell_1345	0	0	0	0	0	2	0	0	0	0	0	2	0	2	3	0
cell_1465	0	0	0	0	0	0	0	0	0	0	0	2	0	0	0	0
cell_1942	7	0	0	0	0	0	0	0	0	0	0	2	0	2	2	0
cell_1235	0	0	3	0	2	2	0	0	12	0	9	2	0	0	0	0
cell_564	0	0	2	2	0	0	0	0	0	0	0	0	0	2	2	2
cell_381	2	0	2	0	0	0	0	2	0	0	0	0	0	0	0	0
cell_324	0	0	0	0	0	0	0	2	0	0	0	0	0	0	0	0
cell_66	0	2	0	0	0	0	0	0	0	0	0	0	2	0	0	0
cell_948	2	0	0	0	0	0	0	0	0	0	0	0	0	2	0	0
cell_474	0	0	0	0	0	0	0	5	0	0	0	0	0	4	0	0
cell_62	0	0	0	42	0	0	0	0	0	0	0	0	2	0	0	0
cell_1514	0	0	0	0	0	0	0	0	2	0	0	2	0	0	0	0
cell_195	0	0	0	0	0	0	0	0	0	0	0	16	0	0	0	0
cell_681	0	0	0	0	0	0	0	0	0	0	0	2	0	0	0	0
cell_934	2	0	0	5	2	0	0	0	0	0	0	2	0	0	0	0
cell_548	0	0	2	0	0	0	5	0	0	10	4	0	0	0	0	2
cell_1469	0	0	0	0	0	0	0	0	0	0	0	2	0	0	0	0
cell_707	0	0	0	0	0	0	0	2	0	0	0	3	0	0	0	0
cell_535	0	0	2	0	0	0	0	0	0	0	5	0	0	0	0	2
cell_1198	0	0	0	0	5	2	0	0	12	0	0	2	0	0	0	2
cell_1495	0	0	2	0	0	0	0	0	0	0	0	2	0	0	0	0
cell_1112	0	0	2	0	0	0	0	0	12	0	0	2	4	3	0	0
cell_215	0	0	0	0	0	0	0	0	0	0	0	0	0	0	0	0
cell_647	0	0	0	0	0	0	0	2	0	0	0	0	0	0	0	0
cell_547	0	0	2	0	0	0	5	0	0	10	4	0	0	0	0	2
cell_508	11	0	0	0	0	0	0	5	2	0	0	0	0	0	0	0
cell_1273	0	0	0	0	0	2	0	0	12	0	9	2	2	0	0	0
cell_1181	0	0	0	0	0	2	0	0	12	0	0	2	0	2	0	2
cell_1958	0	0	0	2	0	0	0	0	0	0	2	2	0	0	2	2
cell_1036	0	0	0	0	0	0	14	0	12	5	0	2	0	0	0	0
cell_337	0	2	0	0	2	0	0	2	0	0	2	0	0	0	0	0
cell_102	0	0	0	0	0	0	0	0	0	0	0	0	2	0	0	0
cell_1741	0	0	0	0	0	0	0	3	0	2	0	2	3	0	0	0
cell_952	2	0	0	0	0	0	0	0	0	0	0	0	0	2	0	0
cell_945	2	0	0	0	0	0	0	0	0	0	0	0	0	2	0	0
cell_1630	0	0	0	0	13	0	0	0	2	2	0	2	0	0	0	0
cell_1324	0	0	2	0	0	0	0	0	0	0	0	2	0	0	0	0
cell_1188	4	0	0	0	5	2	0	0	12	2	0	2	2	0	0	2
cell_1568	2	0	0	2	0	0	0	2	0	0	0	2	0	0	0	0
cell_1769	0	0	0	0	0	0	0	0	0	2	0	2	0	0	0	0
cell_120	0	0	0	0	0	0	0	10	0	0	0	0	2	0	0	3
cell_1667	0	0	0	0	0	0	0	0	0	2	0	2	0	0	0	0
cell_1023	0	0	0	0	2	0	0	0	0	0	5	0	0	0	0	0
cell_652	0	0	0	0	0	0	0	0	0	0	0	0	0	0	0	0
cell_1570	0	0	0	0	0	0	2	0	0	0	0	2	0	0	0	0
cell_660	0	0	0	0	0	13	0	0	0	0	0	0	0	2	0	0
cell_1493	0	0	2	0	0	0	0	0	0	0	0	2	0	0	0	0
cell_316	0	0	0	0	0	0	0	2	0	0	0	0	2	0	0	0
cell_189	0	0	0	0	0	0	0	0	5	0	0	0	0	0	0	0
cell_1349	2	0	0	0	0	0	0	0	0	0	0	2	0	2	3	0
cell_1908	0	0	0	2	0	3	121	0	0	0	2	2	2	0	0	0
cell_187	0	0	0	0	0	0	0	0	0	0	2	0	0	0	0	5
cell_257	0	0	0	0	2	0	0	2	0	0	0	0	2	0	0	0
cell_706	0	0	0	0	0	0	0	2	0	0	0	3	0	0	0	0
cell_480	0	0	0	0	0	0	0	5	0	0	0	0	0	4	0	3
cell_726	0	0	0	0	0	0	0	2	0	0	0	3	2	0	0	0
cell_473	0	0	0	0	0	0	0	5	0	0	0	0	0	4	0	0
cell_807	0	0	0	0	0	0	0	0	0	0	0	0	0	2	2	2
cell_1429	0	0	0	0	0	2	0	0	0	0	0	2	0	0	0	0
cell_1774	0	16	0	0	0	0	0	0	0	2	0	2	0	0	0	0
cell_1655	0	0	0	0	0	0	0	0	0	0	0	2	0	2	0	0
cell_91	0	2	0	0	0	0	0	0	0	0	0	0	2	0	0	0
cell_1633	5	0	0	0	0	0	0	0	2	0	0	2	2	0	0	0
cell_684	0	0	0	0	0	2	0	0	0	0	2	2	0	0	0	0
cell_1258	0	0	0	0	0	2	0	0	12	0	9	2	2	0	0	0
cell_1535	0	0	0	0	0	0	0	0	0	5	0	2	0	0	0	0
cell_280	0	0	0	0	0	5	0	2	0	2	0	0	2	0	0	0
cell_234	0	0	0	0	0	0	6	0	0	2	0	2	0	2	0	0
cell_1804	0	0	0	0	0	0	0	0	0	0	0	2	0	0	0	0
cell_1262	0	0	0	0	12	2	0	0	12	0	9	2	2	2	0	0
cell_655	0	0	0	0	0	0	0	0	0	2	0	0	0	0	0	0
cell_1351	0	0	0	0	0	0	0	0	0	0	0	2	0	2	3	0
cell_1183	0	0	0	0	0	2	0	0	12	0	0	2	0	0	0	2
cell_68	0	2	0	0	0	0	0	5	0	0	0	0	2	0	0	0
cell_1710	0	0	0	0	0	0	0	0	0	2	0	2	0	3	0	0
cell_1123	2	0	2	2	0	0	0	3	12	0	0	2	0	3	0	0
cell_1828	0	0	0	0	0	0	0	5	0	0	41	2	0	0	2	0
cell_1821	0	0	0	0	0	0	0	0	0	0	0	2	0	0	0	0
cell_1426	0	0	0	0	0	0	0	0	0	0	0	2	0	0	2	0
cell_512	11	0	0	0	0	0	0	5	2	0	0	0	2	0	0	0
cell_1008	0	0	5	0	0	0	0	0	5	0	0	0	0	0	0	0
cell_865	9	0	3	0	0	0	2	2	0	0	0	0	4	2	0	2
cell_761	0	2	0	0	2	0	0	0	3	0	0	3	0	0	0	0
cell_1602	0	0	0	0	0	0	0	0	2	0	0	2	0	0	0	0
cell_1294	0	0	0	0	0	0	0	0	0	0	0	2	0	0	0	0
cell_1158	0	0	0	0	2	2	0	0	12	0	0	2	0	0	0	2
cell_1693	0	0	0	10	0	0	0	0	6	2	0	2	0	0	0	0
cell_214	0	0	0	0	0	0	0	0	0	0	0	0	0	0	0	0
cell_1716	0	0	0	0	0	0	0	0	0	2	0	2	0	0	0	0
cell_2034	0	0	0	0	0	0	0	0	0	0	0	2	0	2	0	5
cell_2010	0	0	0	0	2	0	0	0	0	0	2	2	0	0	0	0
cell_1437	0	0	0	0	0	0	5	0	0	0	0	2	0	0	0	0
cell_1675	0	0	0	0	0	0	0	0	0	2	0	2	0	0	0	0
cell_1729	0	0	2	0	0	0	0	0	0	2	0	2	0	0	0	0
cell_281	0	0	0	0	0	0	0	2	0	0	0	0	2	0	0	0
cell_380	2	0	2	0	0	0	2	2	0	0	0	0	0	0	0	0
cell_357	0	0	2	0	9	2	0	2	0	0	0	0	0	0	0	0
cell_901	2	2	0	0	0	0	0	2	0	0	0	0	0	0	4	0
cell_724	0	0	0	0	0	0	0	2	0	0	0	3	0	0	0	0
cell_31	0	0	2	0	0	0	0	0	0	0	0	0	0	0	0	5
cell_1686	0	0	0	10	0	0	0	0	0	2	0	2	0	0	0	0
cell_649	0	0	0	0	0	0	0	0	0	0	0	0	2	0	0	2
cell_461	0	0	0	0	0	0	0	5	0	0	0	0	0	0	0	0
cell_638	0	0	2	2	3	0	0	0	0	0	0	0	0	0	0	0
cell_908	2	0	0	0	0	0	0	0	0	0	0	0	0	0	0	0
cell_1474	0	0	0	0	0	0	0	0	0	0	2	2	0	0	0	0
cell_304	0	0	0	0	0	0	0	2	0	0	0	0	2	0	2	0
cell_1583	0	0	0	0	0	0	2	0	0	0	0	2	0	0	0	0
cell_320	0	0	0	2	0	0	0	2	0	0	0	0	2	0	0	0
cell_1372	0	0	0	4	0	0	0	0	0	0	0	2	0	0	0	0
cell_1377	0	0	0	2	0	2	0	0	0	0	0	2	0	0	0	0
cell_1409	0	0	0	0	0	0	0	0	0	2	4	2	0	2	0	0
cell_1329	0	0	2	0	0	0	0	0	0	0	0	2	0	0	0	0
cell_1998	0	0	0	0	0	0	0	5	0	0	2	2	0	0	0	0
cell_984	0	0	0	0	0	2	0	0	0	0	0	0	2	0	0	20
cell_544	0	0	2	0	0	0	0	0	0	0	5	0	0	0	0	2
cell_130	0	0	0	0	0	0	0	3	2	0	0	2	0	0	0	0
cell_1746	0	0	0	0	2	0	0	9	0	2	0	2	0	0	0	0
cell_528	0	0	2	0	0	0	0	0	0	0	0	0	0	0	0	2
cell_78	2	2	0	0	0	0	0	0	0	0	0	0	2	0	0	0
cell_1227	0	0	0	0	2	2	0	0	12	0	9	2	0	3	0	0
cell_1126	2	0	2	2	0	0	0	3	12	0	0	2	0	3	0	0
cell_375	0	0	2	0	0	0	0	2	0	0	0	0	0	0	0	0
cell_1185	4	0	0	0	5	2	0	0	12	2	0	2	2	0	0	2
cell_1929	0	0	0	0	0	0	0	0	0	0	0	2	0	2	2	0
cell_1835	0	0	0	0	0	0	0	0	0	0	0	2	0	0	2	0
cell_111	0	0	0	0	0	0	0	2	4	0	0	0	2	0	0	0
cell_1488	0	0	0	2	0	0	5	0	0	0	0	2	3	0	0	0
cell_622	0	0	2	5	0	0	0	0	0	0	0	0	0	0	0	0
cell_1855	0	0	0	0	0	0	0	0	0	0	0	2	0	0	2	0
cell_133	0	0	0	0	0	0	0	3	2	0	0	2	0	0	0	0
cell_371	0	0	2	0	0	0	0	2	0	0	4	0	0	0	0	0
cell_1399	0	0	0	0	0	0	2	0	0	0	0	2	0	2	0	0
cell_284	0	0	0	2	0	0	0	2	0	0	0	0	2	0	0	0
cell_1045	0	0	0	0	0	0	0	0	12	5	4	2	0	0	0	2
cell_1364	0	0	0	0	0	0	0	0	0	0	2	2	0	0	0	0
cell_843	9	0	0	0	0	0	4	0	0	0	0	0	3	2	0	0
cell_1035	0	0	0	0	0	0	14	0	12	5	0	2	0	0	0	0
cell_1610	0	0	0	3	3	0	0	0	2	0	0	2	0	0	0	0
cell_1160	0	0	0	0	2	2	0	0	12	0	0	2	2	0	0	2
cell_1750	2	0	0	0	2	0	0	9	0	2	0	2	2	0	0	0
cell_1933	0	0	0	0	0	0	0	0	2	0	0	2	3	2	2	0
cell_574	0	0	2	2	0	0	0	0	0	0	0	0	0	0	0	2
cell_1974	0	0	2	0	0	0	0	0	0	0	0	2	0	0	2	0
cell_17	0	0	0	0	0	0	0	0	0	0	0	0	0	0	0	5
cell_1971	0	0	2	0	0	0	0	0	0	0	0	2	0	0	2	0
cell_336	0	0	0	0	0	0	0	2	0	0	0	0	0	0	0	0
cell_648	0	0	0	0	0	0	0	2	0	0	0	0	0	0	0	0
cell_495	0	0	0	0	0	0	0	5	2	0	0	0	0	0	0	0
cell_358	0	0	2	0	9	2	0	2	0	0	0	0	0	0	0	0
cell_181	0	0	0	0	0	0	0	2	0	0	0	0	0	0	0	0
cell_1900	3	0	0	2	0	0	0	0	0	0	0	2	0	0	0	0
cell_225	0	0	0	0	0	0	6	0	0	2	0	2	0	2	0	0
cell_531	0	0	2	0	0	8	0	0	0	0	5	19	0	2	0	2
cell_303	0	0	0	0	0	0	0	2	0	0	0	0	2	0	2	0
cell_1625	0	0	0	2	0	0	0	0	2	0	0	2	0	0	0	0
cell_1727	0	0	0	0	0	0	0	0	0	2	0	2	0	0	0	0
cell_1132	2	0	2	2	0	0	0	3	12	0	0	2	0	3	0	0
cell_100	0	4	0	0	0	0	0	0	0	0	0	0	2	0	0	0
cell_1966	0	0	0	2	0	0	0	0	0	0	2	2	0	0	2	2
cell_1069	0	0	0	0	3	0	0	0	12	0	2	2	0	0	0	0
cell_1208	2	0	0	0	5	2	0	0	12	0	0	2	0	0	0	2
cell_161	0	0	0	0	0	4	0	12	0	0	0	0	2	0	0	0
cell_1864	0	0	0	0	0	0	0	0	0	2	0	2	0	0	3	0
cell_330	0	0	0	0	0	0	0	2	0	0	0	2	0	0	0	2
cell_979	0	0	0	3	0	2	0	0	0	0	0	0	2	0	0	20
cell_938	2	0	0	0	0	0	2	0	0	0	0	2	0	0	0	0
cell_1708	2	0	0	0	0	0	0	0	0	2	0	2	0	3	0	0
cell_771	0	0	0	6	0	0	0	12	0	0	0	0	0	2	0	0
cell_1737	0	0	0	0	0	0	0	3	0	2	0	2	8	0	0	0
cell_1914	0	0	0	2	0	0	0	0	0	0	0	2	0	0	0	0
cell_1636	5	0	0	0	0	0	0	0	2	0	2	2	0	0	0	0
cell_947	2	0	0	0	0	0	0	0	0	0	0	0	0	2	0	0
cell_1563	2	5	0	2	0	0	0	2	0	0	0	2	0	0	0	0
cell_1551	2	0	0	0	2	0	0	0	0	0	0	2	0	0	0	0
cell_1944	0	0	0	0	0	0	0	0	0	0	0	2	0	2	2	0
cell_1613	0	0	0	0	3	0	0	0	2	0	0	2	0	0	0	0
cell_1109	0	0	2	0	0	0	0	0	12	0	0	2	4	3	3	0
cell_1747	0	0	0	0	2	0	0	9	0	2	0	2	0	0	0	0
cell_1237	0	0	3	0	2	2	0	0	12	0	9	2	0	0	0	0
cell_790	0	0	5	6	0	0	0	0	0	0	0	0	0	2	0	0
cell_237	0	0	0	0	0	0	6	5	0	2	0	2	0	2	0	0
cell_1001	0	0	5	0	0	0	0	0	0	0	2	0	0	2	0	0
cell_677	0	0	0	0	0	0	0	0	0	0	0	2	0	0	0	0
cell_1723	0	0	0	0	0	0	0	0	0	2	0	2	0	0	0	0
cell_627	0	0	2	0	0	0	0	0	0	0	0	2	0	2	0	0
cell_1904	0	0	0	2	0	0	0	0	0	0	0	2	0	0	0	0
cell_1522	0	0	0	0	0	0	0	0	0	0	0	2	0	0	0	0
cell_81	0	2	0	0	0	0	0	0	0	0	0	0	2	0	0	2
cell_1421	2	0	0	0	0	0	0	0	0	0	0	2	0	0	0	0
cell_194	0	0	2	0	0	0	0	0	0	0	0	16	0	0	0	0
cell_1311	3	0	0	0	0	0	0	0	0	0	0	2	0	0	0	0
cell_1115	0	0	2	0	0	0	0	0	12	2	0	2	4	3	0	0
cell_1263	0	0	0	0	12	2	0	0	12	0	9	2	2	2	0	0
cell_600	0	2	2	0	0	0	0	0	5	0	0	0	0	0	0	0
cell_1471	0	0	0	0	0	0	0	0	0	0	0	2	0	0	0	0
cell_242	0	0	2	0	0	0	0	0	3	2	0	0	0	2	0	0
cell_49	0	0	0	0	0	0	0	0	0	0	0	0	0	0	0	0
cell_383	2	0	2	0	0	0	0	2	0	0	0	0	0	0	0	0
cell_1254	0	0	0	0	2	2	0	0	12	5	9	2	2	0	0	0
cell_1487	0	0	0	2	0	0	5	0	0	0	0	2	3	0	0	0
cell_917	2	0	0	0	0	0	0	0	0	0	0	0	0	0	0	0
cell_378	2	0	2	0	0	0	2	2	0	0	0	0	0	0	0	0
cell_1228	0	0	0	0	2	2	0	0	12	0	9	2	0	3	0	0
cell_1335	0	0	2	0	0	0	0	0	0	0	0	2	0	0	2	2
cell_1276	0	0	0	0	0	2	0	0	12	0	9	2	2	0	0	0
cell_1939	0	0	0	0	0	0	0	0	0	2	0	2	0	2	2	0
cell_1212	0	0	0	0	5	2	2	0	12	0	0	2	0	0	0	2
cell_616	2	0	2	0	0	0	0	0	0	0	0	0	0	0	0	0
cell_1624	0	0	0	5	0	0	0	0	2	0	0	2	0	0	0	0
cell_1395	0	0	0	0	0	0	2	0	0	0	0	2	0	0	0	0
cell_987	0	0	0	2	0	0	0	0	0	0	0	0	2	0	0	0
cell_1355	0	0	0	2	0	0	0	0	0	0	0	2	0	0	0	0
cell_1566	2	0	0	2	0	0	0	2	0	0	0	2	0	0	0	0
cell_662	0	0	0	0	0	0	0	0	0	0	0	0	0	2	0	0
cell_1434	0	0	0	0	0	0	3	0	0	0	0	2	0	3	0	0
cell_1927	0	0	0	0	0	0	0	0	0	2	0	2	0	2	2	0
cell_442	15	0	0	0	0	0	0	0	0	0	0	0	0	0	0	0
cell_475	0	0	0	0	0	0	0	5	0	0	0	0	0	4	0	0
cell_1207	2	0	0	0	5	2	0	0	12	0	0	2	0	0	0	2
cell_1402	0	0	0	0	0	0	2	0	0	0	0	2	0	0	2	0
cell_1215	0	0	0	0	5	2	2	0	12	0	0	2	0	0	0	2
cell_1948	2	0	0	0	0	0	0	0	0	0	0	2	0	2	2	7
cell_1978	0	0	2	3	0	0	0	0	0	0	0	2	0	0	2	0
cell_1168	0	0	0	0	0	2	0	0	12	0	0	2	0	0	0	2
cell_1753	0	0	0	5	2	0	0	9	0	2	0	2	0	0	0	0
cell_1078	2	0	0	0	0	0	0	0	12	0	0	2	0	0	0	0
cell_805	0	0	0	0	0	0	0	0	0	0	0	0	0	2	2	0
cell_1862	0	0	0	0	0	0	0	5	0	2	0	2	0	0	0	0
cell_712	0	0	0	0	2	0	0	2	0	0	0	3	0	0	0	0
cell_1091	0	0	2	2	0	2	0	0	12	0	0	2	4	3	0	0
cell_654	0	0	0	0	0	0	0	0	0	2	0	0	0	0	0	0
cell_1752	2	0	3	0	2	0	0	9	0	2	0	2	0	0	0	0
cell_80	0	2	0	0	0	0	0	3	0	0	0	0	2	0	0	0
cell_1538	2	0	0	9	0	0	0	0	0	0	0	2	0	0	0	4
cell_1857	0	0	0	0	0	0	0	0	0	2	0	2	0	0	0	0
cell_1197	0	0	0	0	5	2	0	0	12	0	0	2	0	0	0	2
cell_789	0	0	5	6	0	0	0	0	0	0	0	0	0	2	0	0
cell_559	0	0	2	0	0	0	0	0	0	0	0	0	0	0	0	2
cell_432	15	0	0	3	0	3	0	0	0	0	0	0	0	0	0	2
cell_1913	0	0	0	2	0	0	0	0	0	0	0	2	0	0	0	0
cell_1585	0	0	0	0	0	0	0	0	0	0	0	2	0	0	0	0
cell_1280	0	0	0	0	0	2	0	0	12	0	9	2	2	0	0	0
cell_933	2	0	0	5	2	0	0	0	0	0	0	2	0	0	0	0
cell_264	0	0	0	0	2	0	0	2	0	0	2	0	2	0	0	0
cell_1192	4	0	0	0	5	2	0	2	12	2	0	2	2	0	0	2
cell_1391	2	0	2	2	0	0	0	0	0	0	0	2	0	2	0	0
cell_755	0	2	0	0	0	0	0	0	0	0	0	3	0	0	0	0
cell_1684	0	0	0	10	5	0	0	0	0	2	0	2	0	0	0	0
cell_1911	0	0	0	2	0	3	0	0	0	0	2	2	2	0	0	0
cell_700	0	0	0	4	0	0	0	0	0	0	0	30	5	0	0	0
cell_1608	0	0	0	0	0	0	0	0	2	0	0	2	2	0	0	3
cell_382	2	0	2	0	0	0	0	2	0	0	0	0	0	0	0	0
cell_514	0	0	2	0	0	0	0	0	2	0	0	0	2	0	0	2
cell_307	0	2	0	0	0	0	0	2	0	0	0	0	2	0	0	0
cell_1836	0	0	0	0	0	0	0	0	0	0	0	2	0	0	2	0
cell_1664	0	0	0	0	2	0	0	0	0	0	0	2	0	2	0	0
cell_875	9	0	3	0	0	0	0	0	0	0	0	0	4	2	0	2
cell_1994	0	0	0	0	0	0	0	0	0	0	2	2	0	0	0	0
cell_401	15	0	4	0	0	0	2	0	0	0	2	0	0	0	0	0
cell_522	0	0	2	0	23	0	0	0	0	0	0	0	0	0	0	2
cell_1358	0	0	0	0	0	0	0	0	0	0	0	2	0	0	2	0
cell_1807	0	0	3	0	0	0	0	0	0	0	0	2	0	0	0	0
cell_1520	0	0	0	0	0	0	0	0	0	0	0	2	0	0	0	0
cell_433	15	0	0	0	4	0	0	0	0	0	0	0	0	0	0	0
cell_1932	0	0	0	0	0	0	0	0	0	0	0	2	0	2	2	0
cell_65	0	2	0	0	0	0	0	0	0	0	0	0	2	0	0	0
cell_1291	0	0	0	0	0	0	0	0	0	0	0	2	0	0	0	0
cell_854	9	0	5	0	0	0	0	0	0	0	0	0	0	2	0	0
cell_1233	0	0	3	0	2	2	0	0	12	0	9	2	0	0	0	0
cell_1384	0	0	0	2	0	0	0	0	0	0	0	2	0	0	0	0
cell_239	0	0	0	0	0	0	6	0	0	2	0	2	0	2	0	0
cell_1053	0	0	0	0	0	0	0	0	12	0	0	2	5	0	0	0
cell_315	0	0	0	0	0	0	0	2	0	0	0	0	2	0	0	0
cell_360	0	0	2	0	9	2	0	2	0	0	0	0	0	0	0	0
cell_1858	0	0	0	0	0	0	0	0	0	2	0	2	0	0	0	0
cell_21	0	0	0	0	0	0	0	0	0	0	0	0	0	0	0	5
cell_1761	0	0	0	0	0	0	0	0	0	2	0	2	0	0	0	0
cell_1284	0	0	0	0	0	2	0	0	0	0	0	2	0	0	0	0
cell_1444	0	0	0	0	0	0	0	0	2	0	0	2	0	2	0	0
cell_1306	3	0	0	0	0	0	0	0	0	0	0	2	0	0	0	2
cell_2039	0	0	0	0	0	0	0	0	0	0	0	2	0	2	0	0
cell_1990	0	0	0	2	2	0	0	0	0	0	2	2	0	0	0	2
cell_347	0	0	0	0	0	0	0	2	0	0	2	2	0	0	0	0
cell_470	0	0	0	0	0	0	0	5	0	0	0	0	0	4	0	0
cell_1508	0	0	0	0	0	0	0	0	0	0	0	2	0	0	0	0
cell_338	0	2	0	0	2	0	0	2	0	0	2	0	0	0	0	0
cell_308	0	2	0	0	0	0	0	2	0	0	0	0	2	0	0	0
cell_1080	2	0	0	0	0	0	0	0	12	0	0	2	0	0	0	0
cell_1467	0	0	0	0	0	0	4	0	0	0	0	2	0	0	0	0
cell_1687	0	0	0	10	0	0	0	0	0	2	0	2	0	0	0	0
cell_751	0	0	5	0	0	0	0	0	0	0	0	3	0	0	2	0
cell_1703	0	0	0	0	0	0	0	0	0	2	0	2	0	0	0	0
cell_1831	0	0	0	0	0	0	0	5	0	0	0	2	0	0	2	0
cell_1040	0	0	2	0	0	0	0	0	12	5	0	2	0	0	0	0
cell_46	0	0	0	0	5	0	0	0	0	0	0	0	0	6	0	0
cell_1845	0	0	0	0	0	0	0	0	0	0	0	2	4	0	2	0
cell_14	0	0	0	0	0	0	0	0	0	0	0	4	3	0	57	5
cell_1873	0	0	0	0	0	0	2	2	0	2	0	2	0	0	0	0
cell_1489	0	0	0	0	0	0	0	0	0	0	0	2	0	0	0	0
cell_708	0	0	0	0	0	0	0	2	0	0	0	3	0	0	0	0
cell_1825	0	0	0	0	0	0	0	5	0	0	0	2	0	0	2	0
cell_1643	0	0	0	0	0	0	0	0	0	0	0	2	5	0	2	0
cell_1232	0	0	0	0	2	2	0	0	12	0	9	2	0	3	0	0
cell_1089	0	0	2	2	0	2	0	13	12	5	0	2	4	3	0	0
cell_2003	0	0	0	0	0	0	0	0	0	0	2	2	0	0	3	0
cell_734	0	0	0	0	0	0	0	2	0	0	0	3	0	0	0	0
cell_1441	0	0	0	0	0	0	0	0	2	0	0	2	0	2	0	0
cell_608	0	2	2	0	0	0	0	0	5	0	0	0	0	0	0	0
cell_1511	0	0	0	0	2	0	0	0	0	0	0	2	0	0	0	0
cell_1506	0	0	0	0	0	0	0	0	0	0	0	2	0	0	0	0
cell_738	0	0	0	2	0	0	0	0	0	3	0	3	0	0	0	0
cell_496	0	0	0	0	0	0	0	5	2	0	0	0	0	0	0	0
cell_299	21	13	0	0	0	0	0	2	0	0	0	0	2	0	0	0
cell_1749	2	0	0	0	2	0	0	9	0	2	0	2	2	0	0	0
cell_563	0	0	2	2	0	0	0	0	0	0	0	0	0	2	2	2
cell_391	15	0	0	0	0	0	0	0	0	0	0	0	0	0	0	0
cell_899	2	0	0	2	0	0	0	0	0	0	0	0	0	0	4	0
cell_1809	0	0	0	0	0	0	0	0	0	0	0	2	0	0	0	0
cell_193	0	0	2	0	0	0	0	0	0	0	0	16	0	0	0	0
cell_880	9	0	3	0	8	0	0	0	0	0	0	0	4	2	3	2
cell_463	0	0	0	0	0	0	0	5	0	0	0	0	0	0	0	0
cell_216	0	0	0	0	0	0	0	0	0	0	0	0	0	0	0	0
cell_1959	0	0	0	0	0	0	0	0	0	0	2	2	0	0	2	2
cell_1748	0	0	0	0	2	0	0	9	0	2	0	2	0	0	0	0
cell_1460	0	0	0	0	0	0	0	0	0	0	0	2	0	0	0	0
cell_1452	0	0	0	0	0	0	0	0	0	4	3	2	0	0	0	0
cell_731	0	0	0	0	0	0	0	2	0	0	0	3	0	0	0	0
cell_1850	0	0	0	0	0	0	0	0	0	0	0	2	0	0	2	0
cell_482	0	0	0	0	16	0	0	5	2	0	0	0	0	0	0	0
cell_1699	0	0	0	0	0	0	0	0	0	2	0	2	0	0	0	0
cell_964	0	0	0	0	0	2	5	0	2	0	0	0	0	0	0	0
cell_1919	0	0	0	2	0	0	0	0	0	0	0	2	0	0	0	0
cell_929	2	0	0	0	0	0	0	0	0	0	0	2	0	0	0	0
cell_1134	2	0	2	2	0	0	0	3	12	0	0	2	0	3	0	0
cell_278	0	0	0	0	0	5	0	2	0	0	0	0	2	0	0	0
cell_1392	2	0	2	2	0	0	0	0	0	0	0	2	0	2	0	0
cell_223	0	0	0	0	0	0	0	0	3	0	0	0	0	0	0	0
cell_1725	0	0	0	0	0	0	0	0	0	2	0	2	0	0	0	0
cell_1724	0	0	0	0	0	0	0	0	0	2	0	2	0	0	0	0
cell_1098	0	0	2	2	0	0	0	0	12	0	0	2	4	3	0	0
cell_1589	0	0	0	2	0	0	0	0	0	0	0	2	0	0	0	0
cell_1244	2	0	0	0	2	2	0	0	12	0	9	2	0	0	0	0
cell_1637	0	0	0	0	0	0	0	0	0	0	0	2	0	0	0	0
cell_889	9	0	3	0	0	0	0	2	0	0	0	0	4	2	0	0
cell_664	0	0	0	0	0	0	0	0	0	0	0	0	0	2	0	0
cell_1061	0	0	0	0	0	0	0	0	12	0	0	2	0	0	0	0
cell_1813	0	0	0	0	0	0	0	0	0	0	0	2	0	0	0	0
cell_1315	0	5	2	0	0	2	2	0	0	0	0	2	0	0	0	0
cell_1593	0	0	0	0	0	0	0	0	0	0	0	2	0	0	0	0
cell_1560	2	0	0	2	0	0	0	0	0	0	0	2	0	0	0	0
cell_836	9	0	0	0	0	0	0	0	0	0	0	0	3	2	0	0
cell_1992	0	0	0	0	0	0	0	0	0	0	2	2	0	0	0	0
cell_67	0	2	0	0	0	0	0	5	0	0	0	0	2	0	0	0
cell_1706	2	0	0	0	0	0	2	0	0	2	0	2	0	3	0	0
cell_282	0	0	0	0	0	0	0	2	0	0	0	0	2	0	0	0
cell_434	15	0	0	0	4	0	0	0	0	0	0	0	0	0	0	0
cell_1255	0	0	0	0	2	2	0	0	12	5	9	2	2	0	0	0
cell_747	0	0	0	0	0	0	0	0	0	0	0	3	0	0	0	0
cell_894	9	0	3	0	0	0	0	2	2	0	0	0	4	2	0	0
cell_485	0	0	0	0	16	0	0	5	2	10	0	3	0	0	0	2
cell_1211	0	0	0	0	5	2	2	0	12	0	0	2	0	0	0	2
cell_1159	0	0	0	0	2	2	0	0	12	0	0	2	2	0	0	2
cell_582	0	2	2	0	0	0	0	0	0	0	0	0	0	0	0	2
cell_599	0	2	2	0	0	0	0	0	5	0	0	0	0	0	0	0
cell_101	0	0	0	0	0	0	0	0	0	0	0	0	2	0	0	0
cell_943	2	0	3	0	0	0	0	6	0	0	0	2	0	0	0	0
cell_1099	0	0	2	2	0	0	0	0	12	0	0	2	4	3	0	0
cell_1224	0	0	0	0	2	2	0	0	12	0	9	2	0	3	0	0
cell_340	0	0	0	0	2	0	0	2	0	0	2	0	0	0	0	0
cell_297	21	0	0	0	0	0	0	2	0	0	0	0	2	0	5	0
cell_812	0	0	0	0	0	0	0	0	0	0	0	0	0	2	2	0
cell_1006	0	0	5	0	0	0	0	0	0	7	0	0	0	0	0	0
cell_510	11	0	0	0	0	0	0	5	2	0	0	0	2	0	0	0
cell_256	0	0	0	0	0	0	0	2	0	2	0	0	0	2	0	0
cell_132	0	0	0	0	0	0	0	3	2	0	0	2	0	0	0	0
cell_552	21	0	2	0	0	0	5	0	0	10	0	0	0	0	0	2
cell_589	0	2	2	0	0	0	0	0	0	2	0	0	0	0	0	2
cell_456	0	0	0	2	0	0	0	5	0	0	0	0	0	0	0	0
cell_1569	0	0	0	0	0	0	2	0	0	0	0	2	0	0	0	0
cell_618	0	0	2	0	0	0	0	0	0	22	0	0	0	0	0	2
cell_1808	0	0	3	0	0	0	0	0	0	0	0	2	0	0	0	0
cell_1143	0	0	2	0	0	0	0	0	12	0	0	2	0	3	0	4
cell_1705	2	0	0	0	0	0	2	0	0	2	0	2	0	3	0	0
cell_395	15	0	0	0	0	0	0	0	0	0	0	0	0	5	0	0
cell_1854	0	0	0	0	0	0	0	0	0	0	0	2	0	0	2	0
cell_1352	0	0	0	0	0	0	0	0	0	0	0	2	0	2	3	0
cell_921	2	0	0	0	0	0	0	0	0	0	0	0	0	0	0	0
cell_617	0	0	2	0	0	0	0	0	0	22	0	0	0	0	0	2
cell_915	2	0	0	0	0	0	0	0	21	0	0	0	20	0	0	0
cell_293	6	0	0	0	0	0	0	2	0	0	0	0	2	0	0	0
cell_1297	3	0	0	0	0	0	0	0	0	8	0	2	0	0	0	0
cell_871	9	0	3	0	0	0	2	0	0	0	0	0	4	2	0	2
cell_1498	0	0	0	0	0	0	0	0	0	0	0	2	0	0	0	0
cell_1964	0	0	0	2	0	0	0	0	0	0	2	2	0	0	2	2
cell_158	0	0	0	0	0	0	0	0	2	0	0	0	0	0	0	0
cell_2018	0	0	2	0	2	0	0	0	0	0	15	2	0	0	0	0
cell_1823	0	0	0	0	0	0	0	0	0	0	0	2	0	0	0	0
cell_1283	0	0	0	0	0	2	0	0	0	0	0	2	0	0	0	0
cell_1106	0	0	2	0	0	0	0	0	12	0	2	2	4	3	0	0
cell_2001	8	0	0	0	0	0	0	0	0	0	2	2	0	0	3	0
cell_1882	0	2	0	0	0	0	0	2	0	2	0	2	0	0	0	0
cell_635	0	0	2	2	0	0	2	0	0	0	0	0	2	0	0	0
cell_537	0	0	2	0	0	0	0	2	0	0	5	0	0	0	0	2
cell_829	0	0	5	4	0	0	8	0	0	0	0	0	0	2	0	0
cell_586	0	2	2	0	0	0	0	0	0	2	0	0	0	19	0	2
cell_137	0	0	0	0	0	0	0	2	2	0	0	0	0	0	0	0
cell_415	15	0	0	0	0	0	2	0	0	0	0	0	0	0	0	0
cell_1881	0	2	0	0	0	0	0	2	0	2	0	2	0	0	0	0
cell_1500	0	0	0	0	0	0	0	0	0	0	0	2	0	0	0	0
cell_2013	0	0	0	0	0	0	0	0	0	0	2	2	0	0	0	0
cell_113	0	0	0	0	0	0	0	10	0	0	0	0	2	0	0	2
cell_1848	0	0	0	0	0	0	0	2	0	0	0	2	4	0	2	0
cell_1646	0	0	0	0	0	0	0	0	0	0	0	2	5	0	58	0
cell_1213	0	0	0	0	5	2	2	0	12	0	0	2	0	0	0	2
cell_631	0	0	2	0	0	0	0	0	0	0	0	0	3	0	0	0
cell_1649	0	0	0	0	0	0	0	0	0	0	0	2	0	2	0	0
cell_339	0	0	0	0	2	0	0	2	0	0	2	0	0	0	0	0
cell_585	0	2	2	0	0	0	0	0	0	2	0	0	0	19	0	2
cell_222	0	0	0	0	0	0	0	0	3	0	0	0	0	5	0	0
cell_1296	0	0	0	3	0	0	0	0	0	0	0	2	0	0	0	0
cell_1074	2	0	0	0	0	0	0	0	12	0	3	2	0	2	0	0
cell_713	0	0	0	0	0	0	0	2	0	0	0	3	0	0	0	0
cell_292	6	0	0	0	0	0	0	2	0	0	0	0	2	0	0	0
cell_910	2	0	2	0	0	0	0	0	0	0	0	0	0	0	0	2
cell_970	0	0	0	0	0	0	0	0	2	0	0	0	0	0	0	0
cell_1526	0	0	0	0	0	0	0	0	0	0	0	2	0	0	0	0
cell_1104	0	0	2	2	0	0	0	0	12	0	0	2	4	3	0	0
cell_167	0	0	0	0	0	83	0	12	0	0	0	0	0	2	0	0
cell_144	0	0	0	0	0	0	0	0	2	0	0	0	0	2	0	0
cell_671	0	0	0	0	2	0	22	0	0	2	0	0	0	2	0	0
cell_275	0	0	0	0	0	5	0	2	0	0	0	0	2	0	0	0
cell_992	0	0	0	0	0	0	0	0	0	0	0	0	2	0	0	0
cell_254	0	0	0	0	0	0	0	2	0	2	0	0	0	2	0	0
cell_164	0	0	0	0	0	0	0	12	0	0	0	0	2	0	0	0
cell_556	0	0	2	0	0	0	0	0	0	0	0	0	0	0	0	2
cell_787	0	20	5	6	0	0	0	0	0	0	0	0	0	2	0	0
cell_1787	0	0	0	0	17	0	2	2	11	2	0	2	0	0	2	0
cell_1709	0	0	0	0	0	0	0	0	0	2	0	2	0	3	0	0
cell_54	0	0	0	0	0	0	2	0	0	0	0	0	0	0	0	11
cell_1456	0	0	0	0	0	0	0	0	0	4	0	2	0	0	0	0
cell_1925	0	5	0	5	0	0	0	0	0	0	0	2	0	2	2	0
cell_1236	0	0	3	0	2	2	0	0	12	0	9	2	0	0	0	0
cell_1883	0	2	0	0	0	0	0	2	0	2	0	2	0	0	0	0
cell_93	0	2	0	0	0	0	0	0	0	0	2	0	2	0	2	0
cell_588	0	2	2	2	0	0	0	0	0	2	0	0	0	0	0	2
cell_302	0	0	0	0	0	0	0	2	0	0	0	0	2	0	2	0
cell_418	15	0	0	3	0	2	0	0	0	0	0	0	0	0	0	0
cell_1226	0	0	0	0	2	2	0	0	12	0	9	2	0	3	0	0
cell_902	2	2	0	0	0	0	0	2	0	0	0	0	0	0	4	0
cell_72	0	2	0	0	0	0	0	0	0	5	0	2	2	0	0	0
cell_199	0	0	0	0	0	0	0	0	0	0	0	0	0	0	0	0
cell_1290	0	0	0	0	0	0	0	0	0	0	0	2	0	0	0	0
cell_1554	2	0	0	2	0	0	0	0	0	0	0	2	0	0	0	5
cell_693	0	0	0	4	0	2	0	0	0	0	0	0	5	2	0	0
cell_452	3	0	0	2	0	0	0	5	0	0	0	0	0	0	0	0
cell_1512	0	0	0	0	2	0	0	0	0	0	0	2	0	0	0	0
cell_1250	0	2	0	0	2	2	0	0	12	5	9	2	2	0	0	0
cell_1772	0	0	0	5	0	0	0	0	0	2	0	2	0	0	0	0
cell_1275	0	0	0	0	0	2	0	0	12	0	9	2	2	0	0	0
cell_364	0	0	2	0	0	0	0	2	0	0	0	0	2	0	2	0
cell_1556	2	0	0	2	0	0	0	0	0	0	0	2	0	0	0	5
cell_923	2	0	0	0	0	0	0	0	0	0	0	0	0	0	0	0
cell_477	0	0	0	0	0	0	0	5	0	0	0	0	0	4	0	0
cell_416	15	0	0	0	0	0	2	0	0	0	0	0	0	0	0	0
cell_1330	0	0	2	0	0	0	0	0	0	0	0	2	0	0	0	0
cell_918	2	0	0	0	0	0	0	0	0	0	0	0	0	0	0	0
cell_1446	0	2	0	0	0	0	0	0	0	0	0	2	0	2	0	0
cell_1259	0	0	0	0	0	2	0	0	12	0	9	2	2	0	0	0
cell_1024	0	0	0	0	2	0	0	0	0	0	5	0	0	0	0	0
cell_1999	0	0	0	0	0	0	0	5	0	0	2	2	0	0	0	0
cell_1877	0	0	0	0	2	0	2	2	0	2	2	2	0	0	0	0
cell_121	0	0	0	0	0	0	0	0	2	0	0	0	2	0	0	0
cell_1175	0	0	0	0	0	2	2	0	12	0	0	2	0	0	0	2
cell_814	2	0	0	0	0	0	0	0	0	0	0	0	0	2	2	0
cell_1606	0	0	0	0	0	0	0	0	2	0	0	2	0	0	0	0
cell_1436	0	0	0	0	0	0	3	0	0	0	0	2	0	0	0	0
cell_1559	2	0	0	2	0	0	0	0	0	0	0	2	0	0	0	0
cell_33	3	0	4	0	0	0	0	0	0	0	0	0	2	6	0	0
cell_989	0	0	0	0	0	0	0	0	0	0	0	0	2	0	0	0
cell_719	0	0	0	0	0	0	0	2	0	0	0	3	0	0	0	2
cell_451	3	0	0	2	0	0	0	5	0	0	0	0	0	0	0	0
cell_1454	0	0	0	0	0	0	0	0	0	4	0	2	0	0	0	0
cell_1164	0	0	0	0	0	2	0	0	12	0	0	2	0	0	0	2
cell_1976	0	0	2	0	0	0	0	0	0	0	0	2	0	0	2	0
cell_1832	0	0	0	0	0	0	0	5	0	0	0	2	0	0	2	0
cell_1455	0	0	0	0	0	0	0	0	0	4	0	2	0	0	0	0
cell_499	0	0	0	0	0	0	0	5	2	0	0	0	0	0	0	0
cell_1945	0	0	0	0	0	0	0	0	0	0	0	2	0	2	2	7
cell_1052	2	0	0	0	0	0	0	0	12	0	0	2	0	0	0	0
cell_458	0	0	0	2	0	0	0	5	0	0	0	0	0	0	0	0
cell_276	0	0	0	0	0	5	0	2	0	0	0	0	2	0	0	0
cell_1767	0	0	0	0	0	0	0	0	0	2	0	2	0	0	0	0
cell_363	0	0	2	0	0	0	0	2	0	0	0	0	2	0	2	0
cell_944	2	0	3	0	0	0	0	6	0	0	0	2	0	0	0	0
cell_1865	0	0	0	2	0	0	0	0	0	2	0	2	0	0	0	0
cell_1261	0	0	0	0	12	2	0	0	12	0	9	2	2	2	0	0
cell_70	0	2	0	0	0	0	0	0	0	0	0	0	2	0	0	0
cell_1601	0	0	0	0	0	0	0	0	2	0	0	2	0	0	0	0
cell_1483	0	0	0	0	0	4	0	0	0	0	0	2	0	0	0	0
cell_1779	0	0	0	5	0	0	0	41	4	2	0	2	4	0	2	0
cell_1432	0	0	0	0	0	2	0	0	0	0	0	2	0	0	0	0
cell_828	0	0	0	0	0	0	8	0	0	0	0	0	0	2	0	0
cell_818	0	0	3	0	0	0	8	0	0	0	2	2	0	2	0	0
cell_898	2	0	0	0	0	0	0	0	0	0	0	0	0	0	4	0
cell_844	9	0	0	0	0	0	4	0	0	0	0	0	3	2	0	0
cell_1957	0	0	0	2	0	0	0	0	0	0	2	2	0	0	2	2
cell_1810	0	0	0	0	0	0	0	0	0	0	0	2	0	0	0	0
cell_153	0	0	0	0	0	2	0	0	0	0	0	0	0	0	0	0
cell_362	0	0	2	0	0	0	0	2	0	0	0	0	2	0	2	0
cell_941	2	0	0	0	0	0	0	6	0	2	0	2	0	0	0	0
cell_1670	0	0	0	0	0	0	0	0	0	2	0	2	0	0	0	0
cell_2012	0	0	0	0	0	0	0	0	0	0	2	2	0	0	0	0
cell_1032	0	2	0	0	0	0	0	0	12	5	0	2	0	0	0	0
cell_778	0	2	0	6	0	0	0	12	2	0	0	0	0	2	0	0
cell_813	2	0	0	0	0	0	0	0	0	0	0	0	0	2	2	0
cell_2009	0	0	0	0	2	0	0	0	0	0	2	2	0	0	0	0
cell_1839	0	59	0	0	0	0	0	0	0	0	0	2	0	0	2	0
cell_490	0	0	0	0	0	0	0	5	2	0	0	0	0	0	0	0
cell_595	0	2	2	0	0	0	0	0	5	0	0	0	0	0	0	0
cell_1029	0	2	0	0	0	0	0	0	12	5	0	2	0	0	0	0
cell_1599	0	0	0	0	0	0	0	0	0	0	0	2	0	0	0	0
cell_8	0	0	2	0	0	0	0	0	0	0	0	0	3	0	0	5
cell_1238	0	0	3	0	2	2	0	0	12	0	9	2	0	0	0	0
cell_872	9	0	3	0	0	0	2	0	0	0	0	0	4	2	0	2
cell_387	15	0	0	0	0	0	0	0	0	0	0	0	0	0	0	0
cell_661	0	0	0	0	0	0	0	0	0	0	0	0	0	2	0	0
cell_529	0	0	2	0	0	8	0	0	0	0	5	0	0	2	0	2
cell_515	0	0	2	0	0	0	0	0	2	0	0	0	2	0	0	2
cell_1128	2	0	2	2	0	0	0	3	12	0	0	2	0	3	2	0
cell_922	2	0	0	0	0	0	0	0	0	0	0	0	0	0	0	0
cell_698	0	0	0	4	0	0	0	0	0	0	0	0	5	0	0	0
cell_637	0	0	2	2	3	0	0	0	0	0	0	0	0	0	0	0
cell_1368	0	0	0	0	0	0	0	0	0	0	2	2	0	0	0	0
cell_1376	0	0	0	0	4	0	0	0	0	0	0	2	2	0	0	0
cell_1627	0	0	0	0	0	0	0	0	2	0	0	2	0	0	0	0
cell_43	0	0	0	0	5	0	0	0	0	0	0	0	0	6	0	0
cell_1826	0	0	0	0	0	0	0	5	0	0	0	2	0	0	2	0
cell_881	9	5	3	0	0	0	0	5	0	0	2	0	4	2	0	2
cell_1872	0	0	0	0	0	0	0	0	0	2	0	2	0	0	0	0
cell_171	0	0	0	0	0	0	0	0	0	0	0	0	0	0	0	0
cell_356	0	0	2	2	9	2	0	2	0	0	0	0	0	0	0	0
cell_1240	0	0	3	0	2	2	0	0	12	0	9	2	0	0	0	0
cell_1124	2	0	2	2	0	0	0	3	12	0	0	2	0	3	0	0
cell_30	0	0	2	0	0	0	0	0	0	0	0	0	0	0	0	5
cell_2047	0	6	0	0	0	0	0	0	2	0	0	2	0	2	0	0
cell_1930	0	0	0	0	0	0	0	0	0	0	0	2	0	2	2	0
cell_939	2	0	0	0	0	0	2	0	0	0	0	2	2	0	0	0
cell_165	0	0	0	0	0	83	0	12	0	0	0	0	0	0	0	0
cell_88	0	2	0	0	0	0	0	0	0	0	0	0	2	0	0	0
cell_1648	0	0	0	0	5	0	0	0	0	0	0	2	5	0	0	0
cell_220	0	0	0	0	0	0	0	21	3	0	0	0	0	0	0	0
cell_888	9	0	3	0	0	0	0	5	0	0	2	0	4	2	0	0
cell_1552	2	0	0	0	2	0	0	0	0	0	0	2	0	0	0	0
cell_12	0	5	0	0	0	0	0	0	0	0	0	0	3	0	0	5
cell_925	2	0	0	0	0	0	0	0	0	0	0	0	0	0	0	0
cell_815	0	0	0	0	0	0	0	4	0	0	0	0	0	2	2	0
cell_19	0	0	0	0	0	0	0	0	0	0	0	0	0	0	0	5
cell_2031	0	34	2	0	0	0	0	0	5	0	0	2	0	0	0	0
cell_1924	0	0	0	0	0	0	0	0	0	0	0	2	0	2	2	0
cell_1285	0	0	0	0	0	0	0	0	0	0	0	2	0	0	0	2
cell_640	0	0	2	2	3	0	3	0	0	0	0	0	0	0	0	0
cell_1301	3	0	0	0	0	0	0	0	0	5	0	2	0	0	4	0
cell_802	0	0	0	0	0	0	0	0	0	0	0	0	0	2	2	0
cell_587	0	2	2	2	0	0	0	0	0	2	0	0	0	0	0	2
cell_1304	3	0	0	0	0	0	0	0	0	5	2	2	0	0	0	0
cell_444	15	0	0	0	0	0	0	0	0	0	0	0	0	0	0	0
cell_1658	0	0	0	0	0	0	0	0	0	0	0	2	0	2	0	0
cell_155	0	0	0	0	0	2	0	0	0	0	0	0	0	0	0	0
cell_1546	2	0	0	0	0	0	0	0	0	0	0	2	0	0	0	0
cell_217	0	0	0	0	0	0	0	0	3	0	2	0	0	0	0	0
cell_353	0	0	2	0	9	2	0	2	0	0	0	0	0	0	0	0
cell_159	0	0	0	0	0	0	0	0	0	0	0	0	0	0	0	0
cell_411	15	0	0	0	0	0	2	0	0	0	0	0	0	0	0	0
cell_2041	0	0	0	0	0	0	0	0	0	0	0	2	0	2	0	0
cell_1107	0	0	2	0	0	0	0	0	12	0	2	2	4	3	0	0
cell_1594	0	0	0	0	0	0	0	0	0	0	0	2	0	0	0	0
cell_1619	0	0	0	5	0	0	0	0	2	0	0	2	0	0	0	0
cell_323	0	0	0	0	0	0	0	2	0	0	0	0	0	0	0	0
cell_1182	0	0	0	0	0	2	0	0	12	0	0	2	0	2	0	2
cell_238	0	0	0	0	0	0	6	5	0	2	0	2	0	2	0	0
cell_737	0	0	0	2	0	0	0	0	0	3	0	3	0	0	0	0
cell_1264	0	0	0	0	12	2	0	0	12	0	9	2	2	2	0	0
cell_886	9	0	3	0	0	0	0	5	0	0	2	0	4	2	0	0
cell_1059	0	0	0	2	0	0	0	0	12	0	0	2	0	0	2	0
cell_1353	0	0	0	0	0	0	0	0	0	0	0	2	0	0	0	0
cell_1660	0	0	0	0	0	0	0	0	0	0	0	2	0	2	0	0
cell_1203	0	0	0	0	5	2	0	2	12	0	0	2	0	0	0	2
cell_1739	0	0	0	0	0	0	0	3	0	2	0	2	0	0	0	3
cell_1517	0	0	0	0	0	0	0	0	0	0	0	2	0	0	0	0
cell_1140	0	0	2	0	0	2	0	0	12	0	0	2	0	3	0	0
cell_1733	0	0	0	0	0	0	0	0	0	2	0	2	0	0	0	0
cell_1448	0	0	0	0	0	0	0	0	0	0	0	2	0	2	0	0
cell_1688	0	0	0	10	0	0	0	0	0	2	0	2	0	0	0	0
cell_492	0	0	0	0	0	0	0	5	2	0	0	0	0	0	0	0
cell_1993	0	0	0	0	0	0	0	0	0	0	2	2	0	0	0	0
cell_1669	0	0	0	0	0	0	0	0	0	2	0	2	0	0	0	0
cell_817	0	0	3	0	0	0	8	0	0	0	2	2	0	2	0	0
cell_991	0	0	0	0	0	0	0	0	0	0	0	0	2	0	0	0
cell_1331	0	0	2	0	0	0	0	0	0	0	2	2	0	0	0	0
cell_1690	0	0	0	10	0	0	0	132	0	2	0	2	0	0	0	0
cell_667	0	4	0	0	2	0	0	0	0	0	0	0	0	2	0	0
cell_453	0	0	0	2	0	0	0	5	0	0	0	0	0	0	0	0
cell_503	0	0	0	0	0	0	0	5	2	0	0	0	0	0	0	0
cell_850	9	0	5	0	0	8	0	0	0	0	0	0	2	2	0	0
cell_376	0	0	2	0	0	0	0	2	0	0	0	0	0	0	0	0
cell_527	0	0	2	0	0	0	0	0	0	0	0	0	0	0	0	2
cell_1447	0	0	0	0	0	0	0	0	0	0	0	2	0	2	0	0
cell_1545	2	0	0	0	0	0	0	0	0	0	0	2	0	0	0	0
cell_1449	0	0	0	0	0	0	0	0	0	4	0	2	0	0	0	0
cell_1824	0	0	0	0	0	0	0	0	0	0	0	2	0	0	0	0
cell_1004	0	0	5	0	0	0	0	0	0	0	0	0	0	2	0	0
cell_1946	0	0	0	0	0	0	0	0	0	0	0	2	0	2	2	7
cell_697	0	0	0	4	0	0	0	0	0	0	0	0	5	0	0	0
cell_1155	0	0	0	0	2	2	0	0	12	0	0	2	0	0	0	2
cell_506	11	0	0	0	0	0	0	5	2	0	0	0	0	0	0	0
cell_1519	0	0	0	0	0	0	0	0	0	0	0	2	0	0	0	0
cell_1278	0	0	0	0	0	2	0	0	12	0	9	2	2	0	0	0
cell_44	0	0	0	0	5	0	0	0	0	0	0	0	0	6	0	0
cell_1320	0	0	2	0	0	0	2	0	0	0	0	2	0	0	0	0
cell_48	0	0	0	0	5	0	0	0	0	0	0	0	0	6	0	0
cell_786	0	0	5	6	0	0	0	0	0	0	0	0	0	2	0	0
cell_58	0	0	0	0	0	0	0	0	0	0	17	0	2	0	0	0
cell_435	15	0	0	0	4	0	0	0	0	0	0	0	0	0	0	0
cell_1013	0	0	0	0	2	3	0	0	0	0	0	8	0	0	0	0
cell_240	0	0	0	0	0	0	6	0	0	2	0	2	0	2	0	0
cell_1543	2	0	0	9	0	0	0	0	0	0	0	2	0	0	0	4
cell_229	0	0	0	0	0	0	6	0	0	2	0	0	0	2	0	0
cell_406	15	0	0	0	0	0	2	0	0	0	0	0	0	0	0	0
cell_1679	0	0	0	0	0	0	0	0	0	2	0	2	0	0	0	0
cell_653	0	0	0	0	0	0	0	0	0	2	0	0	0	0	0	0
cell_824	0	0	0	0	0	0	8	58	0	0	0	0	0	2	0	0
cell_593	0	2	2	2	0	0	0	0	5	0	0	0	0	0	0	0
cell_916	2	0	0	0	0	0	0	0	21	0	0	0	20	0	0	0
cell_1997	0	0	0	0	0	0	0	5	0	0	2	2	0	0	0	0
cell_261	0	3	0	0	2	0	0	2	0	0	2	0	2	0	0	0
cell_1404	0	0	0	0	0	0	2	0	0	0	0	2	0	0	0	0
cell_227	0	0	0	2	0	2	6	0	0	2	0	2	0	2	0	0
cell_811	0	0	0	0	0	0	0	0	0	0	0	0	0	2	2	0
cell_873	9	0	3	0	0	0	0	0	0	0	0	0	4	2	0	2
cell_420	15	0	0	3	0	2	0	0	0	0	0	0	0	0	0	0
cell_840	9	0	0	2	0	0	0	0	0	0	0	0	3	2	0	0
cell_598	0	2	2	0	0	0	0	0	5	0	0	0	3	0	0	0
cell_218	0	0	0	0	0	0	0	0	3	0	2	0	0	0	0	0
cell_1829	0	4	0	0	0	0	0	5	0	0	0	2	0	0	2	0
cell_1267	0	2	0	0	0	2	0	0	12	0	9	2	2	0	0	0
cell_69	0	2	0	0	0	0	0	0	0	0	0	0	2	0	0	0
cell_1387	0	0	0	2	0	2	0	0	0	0	0	2	0	2	0	0
cell_2021	0	0	2	0	0	0	0	0	0	4	0	2	0	0	0	0
cell_60	0	0	0	0	0	0	0	0	0	0	0	0	2	0	0	0
cell_766	2	2	0	0	0	0	0	0	0	0	0	3	0	0	0	0
cell_949	2	0	0	0	0	0	0	0	0	0	17	0	0	2	0	0
cell_895	9	0	3	0	0	0	0	2	2	0	0	0	4	2	0	0
cell_1694	0	0	0	10	0	0	0	0	6	2	0	2	0	0	0	0
cell_960	2	0	0	0	0	0	0	0	2	0	0	0	0	2	0	0
cell_793	0	0	5	6	0	0	0	0	0	0	0	0	0	2	0	0
cell_84	0	2	0	0	0	0	0	0	0	0	0	0	2	0	0	0
cell_507	11	0	0	0	0	0	0	5	2	0	0	0	0	0	0	0
cell_1085	2	0	0	0	0	0	0	0	12	0	0	2	0	0	0	0
cell_1555	2	0	0	2	0	0	0	0	0	0	0	2	0	0	0	5
cell_1841	5	0	0	0	0	0	0	0	0	0	0	2	0	0	2	0
cell_1457	0	0	0	0	0	0	0	0	0	0	0	2	0	0	0	0
cell_980	0	0	0	3	0	2	0	0	0	0	0	0	2	0	0	20
cell_1527	0	0	0	0	0	0	0	0	0	0	0	2	0	0	0	0
cell_212	0	0	0	0	0	0	0	0	0	0	0	0	0	0	0	0
cell_950	2	0	0	0	0	0	0	0	0	0	17	0	0	2	0	0
cell_1374	0	0	0	0	0	0	0	0	0	0	0	2	2	0	0	0
cell_1861	0	0	0	0	0	0	0	5	0	2	0	2	0	0	0	0
cell_1450	0	0	0	0	0	0	0	0	0	4	0	2	0	0	0	0
cell_1463	0	0	0	2	0	2	0	0	0	0	0	2	0	0	0	0
cell_1346	0	0	0	0	0	2	0	0	0	0	0	2	0	2	3	0
cell_877	9	0	3	0	8	0	2	0	0	0	0	0	4	2	3	2
cell_1659	0	0	0	0	0	0	0	0	0	0	0	2	0	2	0	0
cell_759	0	2	0	0	0	0	0	0	0	0	0	3	0	0	0	0
cell_1732	0	0	0	0	0	0	0	0	0	2	0	2	0	0	0	0
cell_633	0	0	2	2	0	0	0	0	0	0	0	0	0	0	0	0
cell_15	0	0	0	0	0	0	0	2	0	0	0	4	3	0	57	5
cell_718	0	0	0	0	0	0	0	2	0	0	0	3	0	0	0	0
cell_1424	2	0	0	0	0	0	0	0	0	0	0	2	0	0	0	0
cell_1048	0	0	0	0	0	0	0	0	12	0	4	2	0	0	0	2
cell_162	0	0	0	0	0	4	0	12	0	0	0	0	2	0	0	0
cell_530	0	0	2	0	0	8	0	0	0	0	5	0	0	2	0	2
cell_386	15	0	0	0	0	0	0	0	0	0	0	0	0	0	0	0
cell_191	0	0	0	0	0	0	0	0	5	0	0	0	0	0	0	0
cell_1318	0	0	2	0	0	0	2	0	0	0	0	2	0	0	0	0
cell_1390	2	0	2	2	0	0	0	0	0	0	0	2	0	2	0	0
cell_1722	0	0	0	0	0	0	0	0	0	2	0	2	0	0	0	0
cell_767	2	2	0	0	0	0	0	0	0	0	0	3	0	13	0	0
cell_349	0	2	0	0	0	0	0	2	0	0	2	0	0	0	0	0
cell_310	0	0	0	0	0	0	0	2	0	0	0	0	2	0	0	0
cell_1981	0	0	2	3	0	0	0	0	0	0	0	2	0	0	2	0
cell_1063	0	0	0	0	0	0	0	0	12	0	0	2	0	0	0	0
cell_1229	0	0	0	0	2	2	0	0	12	0	9	2	0	3	0	0
cell_317	0	0	0	0	0	0	0	2	0	0	0	0	2	0	0	0
cell_498	0	0	0	0	0	0	0	5	2	0	0	0	0	0	0	0
cell_501	0	0	0	0	0	0	0	5	2	0	0	0	0	0	0	0
cell_539	0	0	2	0	0	0	0	0	0	0	5	0	0	0	0	2
cell_6	0	0	2	0	0	0	0	0	0	0	0	0	3	0	0	5
cell_1410	0	0	0	0	0	0	0	0	0	2	4	2	0	2	0	0
cell_1152	0	0	2	0	0	0	0	0	12	0	0	2	0	3	0	2
cell_1093	0	0	2	2	0	2	2	0	12	0	0	2	4	3	5	0
cell_722	0	0	0	0	0	0	0	2	0	0	0	3	0	0	0	0
cell_1982	0	0	2	3	0	0	0	0	0	0	0	2	0	0	2	0
cell_1150	0	0	2	0	0	0	0	0	12	0	0	2	0	3	0	2
cell_1548	2	0	0	0	0	0	0	0	0	0	0	2	0	0	0	0
cell_602	0	2	2	0	0	0	0	0	5	0	0	0	0	0	0	0
cell_597	0	2	2	0	0	0	0	0	5	0	0	0	3	0	0	0
cell_1863	0	0	0	0	0	0	0	0	0	2	0	2	0	0	3	0
cell_1218	0	0	0	0	2	2	0	0	12	0	9	2	0	3	0	0
cell_1090	0	0	2	2	0	2	0	13	12	5	0	2	4	3	0	0
cell_571	0	0	2	2	0	0	0	0	0	0	0	0	0	0	0	2
cell_550	0	0	2	0	0	0	5	0	0	10	0	0	0	0	0	2
cell_206	0	3	2	0	0	0	0	0	6	0	0	0	4	0	0	0
cell_882	9	5	3	0	0	0	0	5	0	0	2	0	4	2	0	2
cell_797	0	0	5	6	0	0	0	0	0	0	0	2	0	2	0	0
cell_1762	0	0	0	0	0	0	0	0	0	2	0	2	0	0	0	0
cell_1394	0	0	0	0	0	0	2	0	0	0	0	2	0	0	0	0
cell_1076	2	0	0	0	0	0	0	0	12	0	0	2	0	0	0	0
cell_1403	0	0	0	0	0	0	2	0	0	0	0	2	0	0	0	0
cell_1422	2	0	0	0	0	0	0	0	0	0	0	2	0	0	0	0
cell_1788	0	0	0	0	17	0	2	2	11	2	0	2	0	0	2	0
cell_532	0	0	2	0	0	8	0	0	0	0	5	19	0	2	0	2
cell_656	0	0	0	0	0	0	0	0	0	2	0	0	0	0	0	0
cell_1100	0	0	2	2	0	0	0	0	12	0	0	2	4	3	0	0
cell_1951	0	0	0	0	0	0	0	0	0	2	0	2	2	2	2	7
cell_549	0	0	2	0	0	0	5	0	0	10	0	0	0	0	0	2
cell_377	2	0	2	0	0	0	2	2	0	0	0	0	0	0	0	0
cell_1268	0	2	0	0	0	2	0	0	12	0	9	2	2	0	0	0
cell_1640	0	0	0	0	0	0	0	0	0	0	0	2	0	0	0	0
cell_244	0	0	0	0	0	0	0	0	3	2	0	0	0	2	0	0
cell_1153	0	0	0	0	2	2	0	0	12	0	0	2	0	0	0	2
cell_745	0	0	0	0	0	0	0	0	0	0	0	3	0	0	0	0
cell_1438	0	0	0	0	0	0	5	0	0	0	0	2	0	0	0	0
cell_981	0	0	0	0	0	2	0	0	0	0	0	0	2	0	0	20
cell_1430	0	0	0	0	0	2	0	0	0	0	0	2	0	0	0	0
cell_673	0	5	0	0	0	0	0	0	0	0	53	2	0	0	0	0
cell_1691	0	0	0	10	0	0	0	0	0	2	0	2	0	0	0	0
cell_484	0	0	0	0	16	0	0	5	2	0	0	0	0	0	0	0
cell_422	15	0	0	3	0	4	0	0	6	0	0	0	0	0	3	0
cell_11	0	5	0	0	0	0	0	0	0	0	0	0	3	0	0	5
cell_645	0	0	0	0	0	0	0	2	0	0	74	0	0	0	0	0
cell_557	0	0	2	0	0	0	3	0	0	0	0	0	0	0	0	2
cell_782	0	0	0	6	0	0	0	12	0	0	0	0	0	2	0	0
cell_176	0	0	0	0	0	0	0	4	0	2	0	0	0	0	0	0
cell_1528	0	0	0	0	0	0	0	0	0	0	0	2	0	0	0	0
cell_1453	0	0	0	0	0	0	0	0	0	4	0	2	0	0	0	0
cell_117	0	0	0	0	0	0	0	10	0	0	0	0	2	0	0	0
cell_1814	0	0	0	0	0	0	0	0	0	0	0	2	0	0	0	0
cell_1307	3	0	0	0	0	0	0	0	0	0	0	2	0	0	0	2
cell_1702	0	0	0	0	0	0	5	0	0	2	0	2	0	0	0	0
cell_1342	0	0	2	0	0	0	0	0	0	0	0	2	0	0	3	0
cell_884	9	5	3	0	0	0	0	5	0	0	2	0	4	2	0	0
cell_1019	0	0	0	0	2	0	0	3	0	0	5	0	0	0	0	0
cell_591	0	2	2	0	0	0	0	0	0	2	0	0	0	0	0	2
cell_573	0	0	2	2	0	0	0	0	0	0	0	0	0	0	0	2
cell_827	0	0	0	0	0	0	8	0	0	0	0	0	0	2	0	0
cell_1166	0	0	0	0	0	2	0	0	12	0	0	2	0	0	0	2
cell_104	0	0	0	0	0	2	0	0	0	0	0	0	2	0	0	0
cell_1985	0	0	2	0	0	0	0	0	0	0	2	2	0	0	0	0
cell_1928	0	0	0	0	0	0	0	0	0	2	0	2	0	2	2	0
cell_1191	4	0	0	0	5	2	0	2	12	2	0	2	2	0	0	2
cell_1917	0	0	0	2	0	0	0	0	0	0	0	2	0	0	0	0
cell_1473	0	0	0	0	0	0	0	0	0	0	2	2	0	0	0	0
cell_134	0	0	0	0	0	0	0	3	2	0	0	2	0	0	0	0
cell_670	0	0	0	0	2	0	0	0	0	0	0	0	0	2	0	0
cell_1210	0	0	0	0	5	2	2	0	12	0	0	2	0	0	0	2
cell_1518	0	0	0	0	0	0	0	0	0	0	0	2	0	0	0	0
cell_1618	0	0	0	5	0	0	0	0	2	2	0	2	0	0	0	0
cell_1960	0	0	0	0	0	0	0	0	0	0	2	2	0	0	2	2
cell_1173	0	0	0	0	0	2	2	0	12	0	0	2	0	0	0	2
cell_259	0	0	3	0	2	0	0	2	0	0	0	0	2	0	0	0
cell_32	0	0	2	0	0	0	0	0	0	0	0	0	0	0	0	5
cell_846	9	0	0	0	0	0	0	0	0	0	0	0	3	2	0	0
cell_2014	0	0	0	0	0	0	0	0	0	0	2	2	0	0	0	0
cell_2040	0	0	0	0	0	0	0	0	0	0	0	2	0	2	0	0
cell_1044	0	0	0	0	0	0	0	0	12	0	0	2	0	0	0	0
cell_842	9	0	0	0	0	0	0	0	0	0	0	0	3	2	0	0
cell_403	15	0	4	0	0	0	2	0	0	0	0	0	0	0	0	0
cell_1370	0	0	0	4	0	0	0	0	0	0	0	2	0	0	0	0
cell_1014	0	0	0	0	2	3	0	0	0	0	0	8	0	0	0	0
cell_1417	2	0	0	0	0	0	0	5	0	0	0	2	0	0	0	0
cell_826	0	0	0	0	0	0	8	0	0	0	0	0	0	2	0	3
cell_1977	0	0	2	3	0	0	0	0	0	0	0	2	0	0	2	0
cell_2038	0	0	0	0	0	0	0	0	0	0	0	2	0	2	0	0
cell_1095	0	0	2	2	0	2	0	0	12	0	0	2	4	3	0	0
cell_1413	0	0	0	0	0	0	0	0	0	0	0	2	0	0	0	0
cell_1916	0	0	0	2	0	0	0	0	0	0	0	2	0	0	0	0
cell_848	9	0	0	0	0	0	0	0	0	0	0	0	3	2	0	0
cell_268	0	0	0	0	2	2	0	2	0	0	0	0	2	0	0	0
cell_773	0	0	0	6	0	0	0	12	0	0	0	0	0	2	0	0
cell_1632	0	0	7	0	13	0	0	0	2	2	0	2	0	0	0	0
cell_1397	0	0	0	0	0	0	2	0	0	0	0	2	0	0	0	0
cell_1038	0	0	2	0	0	0	0	0	12	5	0	2	0	0	0	0
cell_1026	0	0	0	0	0	0	0	0	12	5	2	2	0	0	0	0
cell_1022	0	0	0	0	2	0	0	0	0	0	5	0	0	0	0	0
cell_204	0	0	2	0	0	0	0	0	0	0	0	0	4	0	2	0
cell_777	0	2	0	6	0	0	0	12	2	0	0	0	0	2	0	0
cell_426	15	0	0	3	0	0	0	0	0	10	0	0	0	0	0	0
cell_61	0	0	0	42	0	0	0	0	0	0	0	0	2	0	0	0
cell_756	0	2	0	0	0	0	0	0	0	0	0	3	0	0	0	0
cell_748	0	0	0	0	0	0	0	0	0	0	0	3	0	0	0	0
cell_114	0	0	0	0	0	0	0	10	0	0	0	0	2	0	0	2
cell_1327	0	0	2	0	0	0	0	0	0	0	0	2	0	0	0	0
cell_1312	3	0	0	0	0	0	0	0	0	0	0	2	0	0	0	0
cell_285	0	0	0	0	0	0	0	2	0	0	0	0	2	0	0	0
cell_231	0	0	0	0	0	0	6	0	0	2	0	0	0	2	0	0
cell_351	0	0	0	0	0	0	0	2	0	0	2	0	0	0	0	0
cell_1003	0	0	5	0	0	0	0	0	0	0	0	0	0	2	0	0
cell_603	0	2	2	0	0	0	0	0	5	0	0	0	0	0	0	0
cell_965	0	0	0	0	0	0	0	0	2	0	0	0	0	0	2	0
cell_1891	0	0	0	2	0	0	0	0	0	0	0	2	0	0	0	0
cell_1445	0	2	0	0	0	0	0	0	0	0	0	2	0	2	0	0
cell_1411	0	0	0	0	0	0	0	0	0	2	0	2	0	2	0	0
cell_1060	0	0	0	2	0	0	0	0	12	0	0	2	0	0	2	0
cell_959	2	0	0	0	0	0	0	0	2	0	0	0	0	2	0	0
cell_1941	7	0	0	0	0	0	0	0	0	0	0	2	0	2	2	0
cell_1501	0	0	0	0	0	0	0	0	0	0	0	2	0	0	0	0
cell_1650	0	0	0	0	0	0	0	0	0	0	0	2	0	2	0	0
cell_1604	0	0	0	0	0	0	0	0	2	0	0	2	0	0	0	0
cell_85	0	2	0	0	0	0	0	0	0	0	0	0	2	0	0	0
cell_1698	0	0	0	0	0	0	0	0	0	2	0	2	0	0	0	0
cell_486	0	0	0	0	16	0	0	5	2	10	0	3	0	0	0	2
cell_1017	0	0	0	0	2	0	2	0	0	0	0	0	0	0	0	0
cell_392	15	0	0	0	0	0	0	0	0	0	0	0	0	0	0	0
cell_1176	0	0	0	0	0	2	2	0	12	0	0	2	0	0	0	2
cell_277	0	0	0	0	0	5	0	2	0	0	0	0	2	0	0	0
cell_1428	0	0	0	0	0	0	0	0	0	0	0	2	0	0	0	0
cell_2000	0	0	0	0	0	0	0	5	0	0	2	2	0	0	0	0
cell_995	0	0	5	0	0	0	0	0	0	0	0	2	0	0	0	0
cell_1167	0	0	0	0	0	2	0	0	12	0	0	2	0	0	0	2
cell_390	15	0	0	0	0	0	0	0	0	0	0	0	0	0	0	0
cell_971	0	0	0	0	0	0	0	0	2	0	0	0	0	0	2	0
cell_1269	0	2	0	0	0	2	0	0	12	0	9	2	2	0	0	0
cell_1910	0	0	0	2	0	3	0	0	0	0	2	2	2	0	0	0
cell_540	0	0	2	0	0	0	0	0	0	0	5	0	0	0	0	2
cell_657	0	0	0	0	0	13	0	0	0	0	0	0	0	2	0	0
cell_607	0	2	2	0	0	0	0	0	5	0	0	0	0	0	0	0
cell_1309	3	0	0	0	0	0	0	0	0	0	0	2	0	0	0	0
cell_986	0	0	0	0	0	0	0	0	0	0	0	0	2	0	0	0
cell_1230	0	0	0	0	2	2	0	0	12	0	9	2	0	3	0	0
cell_1846	0	0	0	0	0	0	0	0	0	0	0	2	4	0	2	0
cell_36	3	0	4	0	0	0	0	0	0	0	0	0	0	6	0	0
cell_1782	0	8	2	2	0	0	0	41	4	2	0	2	0	0	2	0
cell_1299	3	0	0	0	0	0	0	0	0	8	0	2	0	0	0	0
cell_1073	2	0	0	0	0	0	0	0	12	0	3	2	0	2	0	0
cell_1336	0	0	2	0	0	0	0	0	0	0	0	2	0	0	2	2
cell_909	2	0	2	0	0	0	0	0	0	0	0	0	0	0	0	2
cell_152	0	0	0	0	0	0	0	0	0	0	0	0	0	0	0	0
cell_1784	0	8	2	0	0	0	0	41	4	2	8	2	0	0	2	0
cell_1298	3	0	0	0	0	0	0	0	0	8	0	2	0	0	0	0
cell_1890	2	0	0	2	0	0	0	0	0	0	0	2	0	0	0	0
cell_300	21	13	0	0	0	0	0	2	0	0	0	0	2	0	0	0
cell_1139	0	0	2	0	0	2	0	0	12	0	0	2	0	3	0	0
cell_710	0	0	0	0	2	0	0	2	0	0	0	3	0	0	0	0
cell_1720	0	0	0	0	0	0	0	0	0	2	0	2	0	0	0	0
cell_1281	0	0	0	0	0	2	0	0	0	0	0	2	0	0	0	0
cell_1663	0	0	0	0	2	0	0	0	0	0	0	2	0	2	0	0
cell_1742	0	0	0	0	0	0	0	3	0	2	0	2	3	0	0	0
cell_1205	2	0	0	0	5	2	0	0	12	0	0	2	0	0	0	2
cell_1231	0	0	0	0	2	2	0	0	12	0	9	2	0	3	0	0
cell_810	0	0	0	0	0	0	0	0	0	0	0	0	0	2	2	0
cell_1965	0	0	0	2	0	0	0	0	0	0	2	2	0	0	2	2
cell_744	0	0	0	2	0	0	0	0	0	3	0	3	0	0	0	0
cell_543	0	0	2	0	0	0	0	0	0	0	5	0	0	0	0	2
cell_1576	0	0	0	48	0	0	2	0	0	0	0	2	0	0	0	0
cell_1366	0	0	0	0	0	0	0	0	2	0	2	2	0	0	0	0
cell_911	2	0	2	0	0	0	0	0	0	0	0	0	0	0	0	0
cell_896	9	0	3	0	0	0	0	2	2	0	0	0	4	2	0	0
cell_1751	2	0	3	0	2	0	0	9	0	2	0	2	0	0	0	0
cell_1780	0	0	0	5	0	0	0	41	4	2	0	2	4	0	2	0
cell_1745	0	0	0	0	2	0	0	9	0	2	0	2	0	0	0	0
cell_855	9	0	5	0	0	0	0	0	0	0	2	0	0	2	0	0
cell_2006	0	0	0	2	0	0	0	0	0	0	2	2	0	0	0	0
cell_1815	0	0	0	0	0	0	0	0	0	0	0	2	0	0	0	0
cell_1373	0	0	0	0	0	0	0	0	0	0	0	2	2	0	0	0
cell_2043	0	0	0	0	0	0	7	0	0	0	0	2	0	2	0	0
cell_1513	0	0	0	0	0	0	0	0	2	0	0	2	0	0	0	0
cell_1174	0	0	0	0	0	2	2	0	12	0	0	2	0	0	0	2
cell_431	15	0	0	3	0	3	0	0	0	0	0	0	0	0	0	2
cell_2037	0	0	0	0	0	0	0	0	0	0	0	2	0	2	0	0
cell_2008	0	0	0	2	0	0	0	0	0	0	2	2	0	0	0	0
cell_1049	0	0	0	0	0	0	0	0	12	0	0	2	0	0	0	0
cell_1356	0	0	0	2	0	0	0	0	0	0	0	2	0	0	0	0
cell_956	2	0	0	0	0	0	0	0	2	0	0	3	0	2	0	0
cell_1187	4	0	0	0	5	2	0	0	12	2	0	2	2	0	0	2
cell_481	0	0	0	0	16	0	0	5	2	0	0	0	0	0	0	0
cell_1326	0	0	2	0	0	0	0	0	0	0	0	2	0	0	0	0
cell_2005	0	0	0	2	0	0	0	0	0	0	2	2	0	0	0	0
cell_977	0	0	0	0	0	2	0	0	0	0	0	0	2	0	0	20
cell_740	0	0	0	2	0	0	0	0	0	3	0	3	0	0	0	0
cell_1572	0	4	0	0	0	0	2	0	0	0	0	2	0	0	0	0
cell_83	0	2	0	0	0	0	0	0	0	0	0	0	2	0	0	0
cell_1086	2	0	0	0	0	0	0	0	12	0	0	2	0	0	0	0
cell_1888	0	0	0	0	0	0	0	2	0	2	0	2	0	0	0	3
cell_1949	0	0	0	0	0	0	0	0	0	0	0	2	0	2	2	7
cell_1681	0	0	0	10	5	0	0	0	0	2	0	2	0	0	0	0
cell_313	0	0	0	0	0	0	0	2	0	0	0	0	2	0	0	0
cell_1783	0	8	2	0	0	0	0	41	4	2	8	2	0	0	2	0
cell_99	0	4	0	0	0	0	0	0	0	0	0	0	2	0	0	0
cell_126	0	0	5	0	0	0	0	0	2	0	0	0	2	0	0	0
cell_1071	0	0	0	0	3	0	0	0	12	0	2	2	0	0	0	0
cell_341	0	0	0	0	2	0	0	2	0	0	2	0	0	0	0	0
cell_1485	0	0	0	0	0	0	5	0	0	0	0	2	3	3	0	0
cell_274	0	0	0	0	0	5	0	2	0	0	0	3	2	0	0	0
cell_674	0	5	0	0	0	0	0	0	0	0	53	2	0	0	0	0
cell_436	15	0	0	0	4	0	0	0	0	0	0	0	0	0	0	0
cell_1557	2	0	0	2	0	0	0	0	0	0	0	2	0	0	0	0
cell_1247	3	0	0	2	2	2	0	0	12	0	9	2	0	0	0	0
cell_1923	0	0	0	0	0	0	0	0	0	0	0	2	0	2	2	0
cell_998	0	0	5	0	0	0	0	0	0	0	0	2	2	0	0	0
cell_1629	0	0	0	0	13	0	0	0	2	2	0	2	0	0	0	0
cell_1002	0	0	5	0	0	0	0	0	0	0	2	0	0	2	0	0
cell_455	0	0	0	2	0	0	0	5	0	0	0	0	0	0	0	0
cell_504	0	0	0	0	0	0	0	5	2	0	0	0	0	0	0	0
cell_1206	2	0	0	0	5	2	0	0	12	0	0	2	0	0	0	2
cell_2023	0	0	2	0	0	0	0	0	0	0	0	2	0	0	0	0
cell_1962	0	0	0	2	0	0	0	0	0	0	2	2	0	0	2	2
cell_446	15	6	0	0	0	0	0	5	15	0	0	0	0	0	0	0
cell_994	0	0	5	0	0	0	0	0	0	0	0	2	0	0	2	0
cell_252	0	0	0	0	0	0	0	0	0	2	0	0	5	2	0	0
cell_985	0	0	0	0	0	0	0	0	0	0	0	0	2	0	0	0
cell_1147	0	0	2	0	0	0	0	0	12	0	0	2	0	3	0	0
cell_973	0	0	0	0	5	0	0	0	2	0	0	3	0	0	0	0
cell_833	9	0	0	0	0	3	0	0	0	0	0	0	3	2	0	0
cell_920	2	0	0	0	0	0	0	0	0	0	0	0	0	0	0	0
cell_1575	0	0	0	48	0	0	2	0	0	0	0	2	0	0	0	0
cell_736	0	0	0	0	0	0	0	2	0	0	0	3	0	0	0	0
cell_816	0	0	0	0	0	0	0	4	0	0	0	0	0	2	2	0
cell_1822	0	0	0	0	0	0	0	0	0	0	0	2	0	0	0	0
cell_1097	0	0	2	2	0	0	0	0	12	0	0	2	4	3	0	0
cell_1991	0	0	0	0	0	0	0	0	0	0	2	2	0	0	0	0
cell_3	0	0	0	2	0	0	0	0	0	2	0	0	3	0	0	5
cell_732	0	0	0	0	0	0	0	2	0	0	0	3	0	0	0	0
cell_754	0	2	0	0	0	0	0	0	0	0	0	3	0	0	0	0
cell_1590	0	0	0	2	0	0	0	0	0	0	0	2	0	0	0	0
cell_2017	0	0	2	0	2	0	0	0	0	0	15	2	0	0	0	0
cell_1435	0	0	0	0	0	0	3	0	0	0	0	2	0	0	0	0
cell_1103	0	0	2	2	0	0	0	0	12	0	0	2	4	3	0	0
cell_1582	0	0	0	0	0	0	2	0	0	0	0	2	0	0	0	0
cell_1367	0	0	0	0	0	0	0	0	0	0	2	2	0	0	0	0
cell_107	0	0	0	2	0	0	0	0	4	0	0	0	2	0	0	0
cell_878	9	0	3	0	8	0	2	0	0	0	0	0	4	2	3	2
cell_118	0	0	0	0	0	0	0	10	0	0	0	0	2	0	0	0
cell_74	0	2	0	0	0	0	0	0	0	0	0	0	2	0	3	0
cell_1480	0	0	0	0	0	0	0	0	5	0	0	2	0	0	0	0
cell_2042	0	0	0	0	0	0	0	0	0	0	0	2	0	2	0	0
cell_2007	0	0	0	2	0	0	0	0	0	0	2	2	0	0	0	0
cell_1536	0	0	0	0	0	0	0	0	0	5	0	2	0	0	0	0
cell_739	0	0	0	2	0	0	0	0	0	3	0	3	0	0	0	0
cell_641	0	0	0	0	0	0	0	2	0	0	0	0	0	0	0	0
cell_1308	3	0	0	0	0	0	0	0	0	0	0	2	0	0	0	2
cell_1303	3	0	0	0	0	0	0	0	0	5	2	2	0	0	0	0
cell_1695	0	0	0	10	0	0	2	0	5	2	0	2	0	0	0	0
cell_1154	0	0	0	0	2	2	0	0	12	0	0	2	0	0	0	2
cell_634	0	0	2	2	0	0	0	0	0	0	0	0	0	0	0	0
cell_312	0	0	0	0	0	2	0	2	0	0	0	0	2	0	0	0
cell_1433	0	0	0	0	0	0	3	0	0	0	0	2	0	3	0	0
cell_926	2	0	0	0	0	0	0	0	0	0	0	0	0	0	0	0
cell_1515	0	0	0	0	0	0	0	34	0	0	0	2	0	0	0	0
cell_553	0	0	2	0	0	0	0	0	0	0	0	0	0	0	0	2
cell_1874	0	0	0	0	0	0	2	2	0	2	0	2	0	0	0	0
cell_86	0	2	0	0	0	0	0	0	0	0	0	0	2	0	0	0
cell_1083	2	0	2	0	2	0	0	2	12	0	0	2	0	0	0	0
cell_1795	0	0	0	0	0	0	0	0	0	0	0	2	0	0	0	0
cell_982	0	0	0	0	0	2	0	0	0	0	0	0	2	0	0	20
cell_623	0	0	2	5	0	0	0	0	0	0	0	0	0	0	0	0
cell_2025	0	0	2	0	0	0	0	0	0	0	0	2	0	0	0	0
cell_758	0	2	0	0	0	0	0	0	0	0	0	3	0	0	0	0
cell_1270	0	2	0	0	0	2	0	0	12	0	9	2	2	0	0	0
cell_1696	0	0	0	10	0	0	2	0	5	2	0	2	0	0	0	0
cell_1503	0	0	0	0	0	0	0	0	0	0	0	2	0	0	0	0
cell_1597	0	0	0	0	0	0	0	0	0	2	0	2	0	0	0	0
cell_1031	0	2	0	0	0	0	0	0	12	5	0	2	0	0	0	0
cell_1193	0	0	0	0	5	2	0	0	12	0	0	2	0	0	0	2
cell_1054	0	0	0	0	0	0	0	0	12	0	0	2	5	0	0	0
cell_1472	0	0	0	0	0	0	0	0	0	0	0	2	0	0	0	0
cell_87	0	2	0	0	0	0	0	0	0	0	0	0	2	0	0	0
cell_851	9	0	5	0	0	0	0	0	0	0	0	0	0	2	0	0
cell_604	0	2	2	0	0	0	0	0	5	0	0	0	0	0	0	0
cell_1339	0	0	2	0	0	0	0	0	0	0	2	2	0	0	3	0
cell_156	0	0	0	0	0	2	0	0	0	0	0	0	0	0	0	0
cell_565	0	0	2	2	0	0	0	0	0	0	0	0	0	2	2	2
cell_1360	0	0	0	0	0	0	0	0	0	0	0	2	0	0	2	0
cell_1987	0	0	0	0	0	0	0	0	0	0	2	2	0	0	0	0
cell_663	0	0	0	0	0	0	0	0	0	0	0	0	0	2	0	0
cell_22	0	0	0	0	0	0	0	0	0	0	0	0	0	0	0	5
cell_1065	0	0	0	0	3	0	0	0	12	0	2	2	0	0	0	0
cell_743	0	0	0	2	0	0	0	0	0	3	0	3	0	0	0	0
cell_568	0	0	2	2	0	0	0	0	0	0	0	0	0	2	2	2
cell_398	15	0	0	2	0	0	0	0	0	0	0	0	0	0	0	0
cell_1423	2	0	0	0	0	0	0	0	0	0	0	2	0	0	0	0
cell_1067	0	0	0	0	3	0	0	2	12	0	2	2	0	0	0	0
cell_314	0	0	0	0	0	0	0	2	0	0	0	0	2	0	0	0
cell_862	9	0	0	0	0	0	0	0	0	0	0	0	0	2	0	0
cell_1622	0	0	0	5	0	0	0	0	2	0	0	2	0	0	3	0
cell_1195	0	0	0	0	5	2	0	0	12	0	0	2	0	0	0	2
cell_1817	2	0	0	0	0	0	0	0	0	0	0	2	0	0	0	8
cell_799	0	0	5	6	0	0	0	0	0	0	0	2	0	2	0	0
cell_39	0	0	0	0	0	8	0	0	0	0	0	0	0	6	0	0
cell_1	0	0	0	2	0	0	0	0	0	0	0	0	3	0	0	5
cell_870	9	0	3	0	0	0	2	0	0	0	0	0	4	2	0	2
cell_905	2	0	0	0	0	0	0	0	0	0	0	0	0	0	0	0
cell_374	0	0	2	0	0	0	0	2	0	0	0	0	0	0	0	0
cell_1125	2	0	2	2	0	0	0	3	12	0	0	2	0	3	0	0
cell_717	0	0	0	0	0	0	0	2	0	0	0	3	0	0	0	0
cell_1138	0	0	2	0	0	0	0	0	12	0	0	2	0	3	0	0
cell_990	0	0	0	0	0	0	0	0	0	0	0	0	2	0	0	0
cell_27	0	0	2	0	0	0	0	0	0	0	0	0	0	0	0	5
cell_1540	2	0	0	9	0	0	0	0	0	0	0	2	0	0	0	4
cell_462	0	0	0	0	0	0	0	5	0	0	0	0	0	0	0	0
cell_250	0	0	0	0	0	0	0	0	0	2	10	0	0	2	0	0
cell_355	0	0	2	2	9	2	0	2	0	0	0	0	0	0	0	0
cell_2026	0	0	2	0	0	0	0	0	0	0	0	2	0	0	0	0
cell_1852	0	0	0	0	0	0	0	0	0	0	0	2	0	0	2	0
cell_1476	0	0	0	0	0	4	0	0	0	0	0	2	0	0	0	0
cell_606	0	2	2	0	0	0	0	0	5	0	0	0	0	0	0	0
cell_430	15	0	0	3	0	0	0	0	0	0	0	0	0	0	0	2
cell_350	0	2	0	0	0	0	0	2	0	0	2	0	0	0	0	0
cell_1516	0	0	0	0	0	0	0	34	0	0	0	2	0	0	0	0
cell_636	0	0	2	2	0	0	2	0	0	0	0	0	2	0	0	0
cell_1612	0	0	0	0	3	0	0	0	2	0	0	2	0	0	0	0
cell_1547	2	0	0	0	0	0	0	0	0	0	0	2	0	0	0	0
cell_690	0	0	0	4	0	2	0	0	0	0	0	0	5	0	0	0
cell_1406	0	0	0	0	0	0	2	0	0	0	0	2	0	0	0	0
cell_1279	0	0	0	0	0	2	0	0	12	0	9	2	2	0	0	0
cell_2045	0	6	0	0	0	0	0	0	0	0	0	2	0	2	0	0
cell_996	0	0	5	0	0	0	0	0	0	0	0	2	0	0	0	0
cell_245	0	0	0	0	0	0	0	0	0	2	0	0	0	2	0	0
cell_443	15	0	0	0	0	0	0	0	0	0	0	0	0	0	0	0
cell_679	0	0	0	0	0	0	0	0	0	0	0	2	0	0	0	0
cell_1025	0	0	0	0	0	0	0	0	12	5	2	2	0	0	0	0
cell_1898	0	0	0	2	0	0	0	0	0	0	0	2	0	0	0	0
cell_1148	0	0	2	0	0	0	0	0	12	0	0	2	0	3	0	0
cell_210	0	0	0	0	0	0	0	0	0	0	0	0	0	0	0	0
cell_1020	0	0	0	0	2	0	0	3	0	0	5	0	0	0	0	0
cell_1497	0	0	0	0	0	0	0	0	0	0	0	2	0	0	0	0
cell_1332	0	0	2	0	0	0	0	0	0	0	2	2	0	0	0	0
cell_853	9	0	5	0	0	0	0	0	0	0	0	0	0	2	0	0
cell_334	0	0	0	0	0	0	0	2	0	0	0	0	0	0	0	0
cell_1027	0	0	0	0	0	0	0	0	12	5	2	2	0	0	0	0
cell_1486	0	0	0	0	0	0	5	0	0	0	0	2	3	3	0	0
cell_705	0	0	0	0	0	0	0	2	0	0	0	3	0	0	0	0
cell_1194	0	0	0	0	5	2	0	0	12	0	0	2	0	0	0	2
cell_1072	0	0	0	0	3	0	0	0	12	0	2	2	0	0	0	0
cell_29	0	0	2	0	0	0	0	0	0	0	0	0	0	0	0	5
cell_1954	0	0	0	0	0	0	0	0	0	0	2	2	0	0	2	2
cell_624	0	0	2	5	0	0	0	0	0	0	0	0	0	0	0	0
cell_858	9	0	0	0	2	0	0	0	0	0	0	0	0	2	0	0
cell_725	0	0	0	0	0	0	0	2	0	0	0	3	2	0	0	0
cell_328	0	0	0	0	0	0	0	2	0	0	0	0	0	0	0	0
cell_1249	0	2	0	0	2	2	0	0	12	5	9	2	2	0	0	0
cell_1961	0	0	0	2	0	0	0	0	0	0	2	2	0	0	2	2
cell_642	0	0	0	0	0	0	0	2	0	0	0	0	0	0	0	0
cell_1442	0	0	0	0	0	0	0	0	2	0	0	2	0	2	0	0
cell_1051	2	0	0	0	0	0	0	0	12	0	0	2	0	0	0	0
cell_946	2	0	0	0	0	0	0	0	0	0	0	0	0	2	0	0
cell_534	0	0	2	0	0	0	0	0	0	0	5	0	0	0	0	2
cell_1605	0	0	0	0	0	0	0	0	2	0	0	2	0	0	0	0
cell_605	0	2	2	0	0	0	0	0	5	0	0	0	0	0	0	0
cell_1565	2	0	0	2	0	0	0	2	0	0	0	2	0	0	0	0
cell_1357	0	0	0	0	0	0	0	0	0	0	0	2	0	0	2	0
cell_1799	0	0	0	0	0	0	2	0	0	0	0	2	0	0	0	0
cell_723	0	0	0	0	0	0	0	2	0	0	0	3	0	0	0	0
cell_1257	0	0	0	0	0	2	0	0	12	0	9	2	2	0	0	0
cell_883	9	5	3	0	0	0	0	5	0	0	2	0	4	2	0	0
cell_1738	0	0	0	0	0	0	0	3	0	2	0	2	8	0	0	0
cell_1169	0	0	0	0	0	2	0	0	12	0	0	2	0	0	0	2
cell_625	0	0	2	0	0	0	0	0	0	0	0	0	0	2	0	0
cell_780	0	52	0	6	0	0	0	12	0	0	0	0	0	2	0	0
cell_685	0	0	0	0	0	0	0	0	0	0	0	2	0	0	0	0
cell_211	0	0	0	0	0	0	0	0	0	0	0	0	0	0	0	0
cell_1580	0	0	0	0	0	0	2	0	4	0	0	2	0	0	0	0
cell_1418	2	0	0	0	0	0	0	5	0	0	0	2	0	0	0	0
cell_579	0	2	2	0	0	0	0	0	0	0	0	0	0	0	0	2
cell_138	0	0	0	0	0	0	0	2	2	0	0	0	0	0	0	0
cell_1768	0	0	0	0	0	0	0	0	0	2	0	2	0	0	0	0
cell_1903	0	0	0	2	0	0	0	0	0	0	0	2	0	0	0	0
cell_900	2	0	0	2	0	0	0	0	0	0	0	0	0	0	4	0
cell_1735	0	0	0	0	0	0	0	0	0	2	0	2	0	0	0	0
cell_1531	0	0	0	0	0	0	0	0	0	2	0	2	0	0	0	0
cell_1683	0	0	0	10	5	0	0	0	0	2	0	2	0	0	0	0
cell_1162	0	0	0	0	0	2	0	0	12	0	0	2	0	0	0	2
cell_166	0	0	0	0	0	83	0	12	0	0	0	0	0	0	0	0
cell_1947	2	0	0	0	0	0	0	0	0	0	0	2	0	2	2	7
cell_1652	0	0	0	0	0	0	0	0	0	0	0	2	0	2	0	0
cell_1955	0	0	0	0	0	0	0	0	0	0	2	2	0	0	2	2
cell_1241	2	0	0	0	2	2	0	0	12	0	9	2	0	0	0	0
cell_1470	0	0	0	0	0	0	0	0	0	0	0	2	0	0	0	0
cell_1896	0	0	0	2	0	0	0	0	0	0	0	2	0	0	0	0
cell_1895	0	0	0	2	0	0	0	0	0	0	0	2	0	0	0	0
cell_457	0	0	0	2	0	0	0	5	0	0	0	0	0	0	0	0
cell_689	0	0	0	4	0	2	0	0	0	0	0	0	5	0	0	0
cell_768	2	2	0	0	0	0	0	0	0	0	0	3	0	13	0	0
cell_696	0	0	0	4	0	2	0	0	0	0	5	0	5	2	0	0
cell_1113	0	0	2	0	0	0	0	0	12	2	0	2	4	3	0	0
cell_1588	0	0	0	0	0	0	0	0	0	0	0	2	0	0	0	0
cell_1222	0	0	0	0	2	2	0	0	12	0	9	2	0	3	0	0
cell_148	0	0	0	9	0	0	0	0	10	0	0	0	0	2	0	0
cell_1196	0	0	0	0	5	2	0	0	12	0	0	2	0	0	0	2
cell_1199	0	0	0	0	5	2	0	0	12	0	0	2	0	0	0	2
cell_1481	0	0	0	0	0	0	0	0	0	0	0	2	0	0	0	0
cell_1081	2	0	2	0	0	0	0	2	12	0	0	2	0	0	2	0
cell_1561	2	5	0	2	0	0	0	2	0	0	0	2	0	0	0	0
cell_1859	0	0	0	0	0	0	0	0	0	2	2	2	0	0	0	0
cell_1425	0	0	0	0	0	0	0	0	0	0	0	2	0	0	2	0
cell_179	0	0	0	0	0	0	0	0	0	0	0	0	0	0	0	0
cell_924	2	0	0	0	0	0	0	0	0	0	0	0	0	0	0	0
cell_796	0	0	5	6	0	0	0	0	0	0	0	0	0	2	0	0
cell_18	0	0	0	0	0	0	0	0	0	0	0	0	0	0	0	5
cell_1344	0	0	2	0	0	0	0	0	0	2	0	2	0	0	3	0
cell_361	0	0	2	0	0	0	0	2	0	0	0	0	2	0	2	0
cell_1842	5	0	0	0	0	0	0	0	0	0	0	2	0	0	2	0
cell_1484	0	0	0	0	0	4	0	0	0	0	0	2	0	0	0	0
cell_294	6	0	0	0	0	0	0	2	0	0	0	0	2	0	0	0
cell_10	0	5	0	0	0	0	0	0	0	0	0	0	3	0	0	5
cell_1225	0	0	0	0	2	2	0	0	12	0	9	2	0	3	0	0
cell_1792	0	0	0	0	17	0	2	2	11	2	0	2	2	0	2	0
cell_1179	6	0	0	0	0	2	0	0	12	0	0	2	0	0	0	2
cell_448	15	6	0	0	0	0	0	0	15	0	0	0	0	0	0	0
cell_584	0	2	2	4	0	0	0	0	0	0	0	0	0	0	0	2
cell_526	0	0	2	0	0	0	0	0	0	0	0	0	0	0	0	2
cell_1871	0	0	0	0	0	0	0	0	0	2	0	2	0	0	0	0
cell_919	2	0	0	0	0	0	0	0	0	0	0	0	0	0	0	0
cell_202	0	0	2	0	0	0	0	0	0	0	0	0	4	0	0	0
cell_1243	2	0	0	0	2	2	0	0	12	0	9	2	0	0	0	0
cell_566	0	0	2	2	0	0	0	0	0	0	0	0	0	2	2	2
cell_590	0	2	2	0	0	0	0	0	0	2	0	0	0	0	0	2
cell_1101	0	0	2	2	0	0	0	0	12	0	0	2	4	3	0	0
cell_999	0	2	5	0	0	0	0	0	0	0	0	2	2	0	0	0
cell_1860	0	0	0	0	0	0	0	0	0	2	2	2	0	0	0	0
cell_750	0	0	5	0	0	0	0	0	0	0	0	3	0	0	2	0
cell_594	0	2	2	2	0	0	0	0	5	0	0	0	0	0	0	0
cell_255	0	0	0	0	0	0	0	2	0	2	0	0	0	2	0	0
cell_801	0	0	0	0	0	0	0	0	0	0	0	0	0	2	2	0
cell_122	0	0	0	0	0	0	0	0	2	0	0	0	2	0	0	0
cell_1931	0	0	0	0	0	0	0	0	0	0	0	2	0	2	2	0
cell_714	0	0	0	0	0	0	0	2	0	0	0	3	0	0	0	0
cell_658	0	0	0	0	0	13	0	0	0	0	0	0	0	2	0	0
cell_1730	0	0	2	0	0	0	0	0	0	2	0	2	0	0	0	0
cell_1214	0	0	0	0	5	2	2	0	12	0	0	2	0	0	0	2
cell_184	0	0	0	0	0	0	0	0	0	0	0	0	0	0	0	0
cell_488	0	0	0	0	16	0	0	5	2	0	0	3	0	0	0	2
cell_517	0	0	2	0	0	0	0	0	2	0	0	0	0	0	0	2
cell_521	0	0	2	0	23	0	0	0	0	0	0	0	0	0	0	2
cell_1507	0	0	0	0	0	0	0	0	0	0	0	2	0	0	0	0
cell_168	0	0	0	0	0	83	0	12	0	0	0	0	0	2	0	0
cell_523	0	0	2	0	0	0	0	0	0	0	0	0	0	0	0	2
cell_112	0	0	0	0	0	0	0	2	4	0	0	0	2	0	0	0
cell_89	0	2	0	0	0	0	0	0	0	0	0	0	2	0	0	0
cell_1534	0	0	0	0	0	0	0	0	0	0	0	2	0	0	0	0
cell_762	0	2	0	0	2	0	0	0	3	0	0	3	0	0	0	0
cell_1532	0	0	0	0	0	0	0	0	0	2	0	2	0	0	0	0
cell_76	0	2	0	0	0	0	0	0	0	0	0	0	2	0	3	0
cell_2028	0	0	2	0	0	0	0	64	0	0	0	2	0	0	0	0
cell_1288	0	0	0	0	0	0	0	0	0	0	0	2	0	0	0	0
cell_610	0	0	2	2	0	0	0	0	0	0	0	0	2	0	0	0
cell_820	0	0	3	0	0	0	8	0	0	0	2	2	0	2	0	0
cell_2033	0	0	0	0	0	0	0	0	0	0	0	2	0	2	0	5
cell_1661	0	0	0	0	2	0	0	0	0	0	0	2	0	2	0	0
cell_263	0	0	0	0	2	0	0	2	0	0	2	0	2	0	0	0
cell_1136	2	0	2	2	0	0	0	3	12	0	0	2	0	3	0	0
cell_1635	5	0	0	0	0	0	0	0	2	0	2	2	0	0	0	0
cell_1731	0	0	0	0	0	0	0	0	0	2	0	2	0	0	0	0
cell_650	0	0	0	0	0	0	0	0	0	0	0	0	2	0	0	2
cell_1408	0	0	0	0	0	0	2	0	0	0	0	2	0	2	0	0
cell_301	0	0	0	0	0	0	0	2	0	0	0	0	2	0	2	0
cell_930	2	0	0	0	0	0	0	0	0	0	0	2	0	0	0	0
cell_711	0	0	0	0	2	0	0	2	0	0	0	3	0	0	0	0
cell_1837	0	59	0	0	0	0	0	0	0	0	0	2	0	0	2	0
cell_203	0	0	2	0	0	0	0	0	0	0	0	0	4	0	2	0
cell_928	2	0	0	0	0	0	0	0	0	0	0	0	0	0	0	3
cell_283	0	0	0	2	0	0	0	2	0	0	0	0	2	0	0	0
cell_425	15	0	0	3	0	0	0	0	0	10	0	0	0	0	0	0
cell_727	0	0	0	0	0	0	0	2	0	0	0	3	0	0	0	0
cell_105	0	0	0	2	0	0	0	0	4	0	0	0	2	0	0	0
cell_1598	0	0	0	0	0	0	0	0	0	2	0	2	0	0	0	0
cell_861	9	0	0	0	0	0	0	0	0	0	0	0	0	2	0	0
cell_1849	0	0	0	0	0	0	0	0	0	0	0	2	0	0	2	0
cell_1713	0	0	0	0	0	0	0	0	0	2	0	2	0	0	0	0
cell_666	0	4	0	0	2	0	0	0	0	0	0	0	0	2	0	0
cell_97	0	0	0	0	0	0	0	0	0	0	0	0	2	0	0	0
cell_1478	0	0	0	0	0	0	0	0	0	0	0	2	0	0	0	2
cell_271	0	0	0	2	2	2	0	2	0	0	0	21	2	0	0	0
cell_1009	3	0	0	2	2	0	0	0	0	0	0	3	0	0	0	0
cell_644	0	0	0	0	0	0	0	2	0	0	0	0	0	0	0	0
cell_1234	0	0	3	0	2	2	0	0	12	0	9	2	0	0	0	0
cell_221	0	0	0	0	0	0	0	0	3	0	0	0	0	5	0	0
cell_1117	0	0	2	0	0	0	0	0	12	0	0	2	4	3	0	0
cell_5	0	0	2	0	0	0	0	0	0	0	0	0	3	0	0	5
cell_226	0	0	0	0	0	0	6	0	0	2	0	2	0	2	0	0
cell_1077	2	0	0	0	0	0	0	0	12	0	0	2	0	0	0	0
cell_45	0	0	0	0	5	0	0	0	0	0	0	0	0	6	0	0
cell_716	0	0	0	0	0	0	0	2	0	0	0	3	0	0	0	0
cell_560	0	0	2	0	0	0	0	0	0	0	0	0	0	0	0	2
cell_108	0	0	0	2	0	0	0	0	4	0	0	0	2	0	0	0
cell_765	2	2	0	0	0	0	0	0	0	0	0	3	0	0	0	0
cell_1922	0	0	72	0	0	0	0	0	0	0	0	2	0	2	2	0
cell_2	0	0	0	2	0	0	0	0	0	0	0	0	3	0	0	5
cell_1621	0	0	0	5	0	0	0	0	2	0	0	2	0	0	3	0
cell_1968	0	0	0	2	0	0	0	0	0	0	2	2	0	0	2	2
cell_546	0	0	2	0	0	0	5	0	0	10	4	0	0	0	0	2
cell_798	0	0	5	6	0	0	0	0	0	0	0	2	0	2	0	0
cell_1461	0	0	0	0	0	2	0	0	0	0	0	2	0	0	0	0
cell_253	0	0	0	0	0	0	0	2	0	2	0	0	0	2	0	0
cell_721	0	0	0	0	0	0	0	2	0	0	0	3	0	0	0	0
cell_1325	0	0	2	0	0	0	0	0	0	0	0	2	0	0	0	0
cell_580	0	2	2	0	0	0	0	0	0	0	0	0	0	0	0	2
cell_821	0	0	0	0	0	0	8	58	0	0	0	0	0	2	0	0
cell_561	0	0	2	2	0	0	3	0	0	0	0	0	0	2	2	2
cell_385	15	0	0	0	0	0	0	0	0	0	0	0	0	0	0	0
cell_632	0	0	2	0	0	0	0	0	0	0	0	0	3	0	0	0
cell_791	0	0	5	6	0	0	0	0	0	0	0	0	0	2	0	0
cell_1172	0	0	0	0	0	2	0	0	12	0	0	2	0	0	0	2
cell_219	0	0	0	0	0	0	0	21	3	0	0	0	0	0	0	0
cell_1771	0	0	0	5	0	0	0	0	0	2	0	2	0	0	0	0
cell_1405	0	0	0	0	0	0	2	0	0	0	0	2	0	0	0	0
cell_1920	0	0	0	2	0	0	0	0	0	0	0	2	0	0	0	0
cell_13	0	0	0	0	0	0	0	0	0	0	0	4	3	0	57	5
cell_251	0	0	0	0	0	0	0	0	0	2	0	0	5	2	0	0
cell_1707	2	0	0	0	0	0	0	0	0	2	0	2	0	3	0	0
cell_932	2	0	0	0	0	0	0	0	0	0	0	2	0	0	0	0
cell_1079	2	0	0	0	0	0	0	0	12	0	0	2	0	0	0	0
cell_613	0	0	2	0	0	0	0	0	0	0	0	0	0	0	0	0
cell_439	15	0	0	0	4	0	0	0	0	0	0	0	0	0	0	0
cell_1820	0	0	0	0	0	0	0	2	0	0	0	2	0	0	0	0
cell_1468	0	0	0	0	0	0	4	0	0	0	0	2	0	0	0	0
cell_893	9	0	3	0	0	0	0	2	2	0	0	0	4	2	0	0
cell_907	2	0	0	0	0	0	0	0	0	0	0	0	0	0	0	0
cell_577	0	2	2	0	0	0	0	0	4	0	0	0	0	0	0	2
cell_1505	0	0	0	0	0	0	0	0	0	0	0	2	0	0	0	0
cell_1682	0	0	0	10	5	0	0	0	0	2	0	2	0	0	0	0
cell_1482	0	0	0	0	0	0	0	0	0	0	0	2	0	0	0	0
cell_1525	0	0	0	0	0	0	0	0	0	0	0	2	0	0	0	0
cell_472	0	0	0	0	0	0	0	5	0	0	0	0	0	4	0	0
cell_1302	3	0	0	0	0	0	0	0	0	5	0	2	0	0	4	0
cell_1202	0	0	0	0	5	2	0	2	12	0	0	2	0	0	0	2
cell_1277	0	0	0	0	0	2	0	0	12	0	9	2	2	0	0	0
cell_1209	0	0	0	0	5	2	2	0	12	0	0	2	0	0	0	2
cell_601	0	2	2	0	0	0	0	0	5	0	0	0	0	0	0	0
cell_562	0	0	2	2	0	0	3	0	0	0	0	0	0	2	2	2
cell_1754	0	0	0	5	2	0	0	9	0	2	0	2	0	0	0	0
cell_1830	0	4	0	0	0	0	0	5	0	0	0	2	0	0	2	0
cell_1177	0	0	0	0	0	2	0	0	12	0	0	2	0	0	0	2
cell_2030	0	34	2	0	0	0	0	0	5	0	0	2	0	0	0	0
cell_1736	0	0	0	0	0	0	0	0	0	2	0	2	0	0	0	0
cell_1064	0	0	0	0	0	0	0	0	12	0	0	2	0	0	0	0
cell_1137	0	0	2	0	0	0	0	0	12	0	0	2	0	3	0	0
cell_951	2	0	0	0	0	0	0	0	0	0	0	0	0	2	0	0
cell_794	0	0	5	6	0	0	0	0	0	0	0	0	0	2	0	0
cell_1653	0	0	0	0	0	0	0	0	0	0	0	2	0	2	0	0
cell_1867	0	0	0	0	0	0	0	0	0	2	0	2	0	0	0	0
cell_1420	2	0	0	0	0	0	0	0	0	0	0	2	0	0	0	0
cell_1223	0	0	0	0	2	2	0	0	12	0	9	2	0	3	0	0
cell_1909	0	0	0	2	0	3	0	0	0	0	2	2	2	0	0	0
cell_683	0	0	0	0	0	2	0	0	0	0	2	2	0	0	0	0
cell_1614	0	0	0	0	3	0	0	0	2	0	0	2	0	0	0	0
cell_1400	0	0	0	0	0	0	2	0	0	0	0	2	0	2	0	0
cell_1558	2	0	0	2	0	0	0	0	0	0	0	2	0	0	0	0
cell_449	3	0	0	2	0	0	0	5	0	0	0	0	0	0	0	0
cell_1806	0	0	3	2	0	0	0	0	0	0	0	2	0	0	0	0
cell_213	0	0	0	0	0	0	0	0	0	0	0	0	0	0	0	0
cell_1058	0	0	0	2	0	0	0	0	12	0	0	2	0	0	0	0
cell_269	0	0	0	2	2	2	0	2	0	0	0	0	2	0	0	0
cell_71	0	2	0	0	0	0	0	0	0	5	0	2	2	0	0	0
cell_1084	2	0	2	0	2	0	0	2	12	0	0	2	0	0	0	0
cell_1781	0	8	2	2	0	0	0	41	4	2	0	2	0	0	2	0
cell_847	9	0	0	0	0	0	0	0	0	0	0	0	3	2	0	0
cell_1018	0	0	0	0	2	0	2	0	0	0	0	0	0	0	0	0
cell_115	0	0	0	0	0	0	0	10	0	0	0	0	2	0	0	2
cell_424	15	0	0	3	0	0	0	0	6	0	0	0	0	0	0	0
cell_1553	2	0	0	2	0	0	0	0	0	0	0	2	0	0	0	5
cell_764	0	2	0	0	2	0	0	0	0	0	0	3	0	0	0	0
cell_1796	0	0	0	0	0	0	0	0	0	0	0	2	0	0	0	0
cell_1010	3	0	0	2	2	0	0	0	0	0	0	3	0	0	0	0
cell_963	0	0	0	0	0	2	5	0	2	0	0	0	0	0	0	0
cell_41	0	0	0	0	5	0	0	5	0	0	0	0	0	6	0	0
cell_1764	0	0	0	2	0	0	0	0	0	2	0	2	0	0	0	0
cell_975	0	0	0	0	5	0	5	0	2	0	0	3	0	0	0	0
cell_1979	0	0	2	3	0	0	0	0	0	0	0	2	0	0	2	0
cell_1712	0	0	0	0	0	0	0	0	0	2	0	2	0	3	0	0
cell_262	0	3	0	0	2	0	0	2	0	0	2	0	2	0	0	0
cell_1184	0	0	0	0	0	2	0	0	12	0	0	2	0	0	0	2
cell_757	0	2	0	0	0	0	0	0	0	0	0	3	0	0	0	0
cell_393	15	0	0	0	0	0	0	0	3	0	0	0	0	5	0	0
cell_1578	0	0	3	0	0	0	2	0	0	0	0	2	0	0	0	0
cell_1499	0	0	0	0	0	0	0	0	0	0	0	2	0	0	0	0
cell_419	15	0	0	3	0	2	0	0	0	0	0	0	0	0	0	0
cell_1579	0	0	0	0	0	0	2	0	4	0	0	2	0	0	0	0
cell_1950	0	0	0	0	0	0	0	0	0	0	0	2	0	2	2	7
cell_1510	3	0	0	0	2	0	0	0	0	0	0	2	0	0	0	0
cell_1763	0	0	0	2	0	0	0	0	0	2	0	2	0	0	0	0
cell_703	0	0	0	4	0	0	0	0	0	0	4	0	5	0	0	0
cell_368	0	0	2	0	0	0	0	2	0	0	0	0	0	0	2	0
cell_1666	0	0	0	0	0	0	0	0	0	2	0	2	0	0	0	0
cell_2024	0	0	2	0	0	0	0	0	0	0	0	2	0	0	0	0
cell_729	0	0	0	0	0	0	0	2	4	0	0	3	0	0	3	0
cell_1242	2	0	0	0	2	2	0	0	12	0	9	2	0	0	0	0
cell_1856	0	0	0	0	0	0	0	0	0	0	0	2	0	0	2	0
cell_1322	0	0	2	0	0	0	0	0	0	0	0	2	0	0	0	0
cell_864	9	0	0	0	0	0	0	0	0	0	0	0	0	2	2	0
cell_464	0	0	0	0	0	0	0	5	0	0	0	0	0	0	0	0
cell_1033	0	0	0	0	3	0	14	0	12	5	0	2	0	0	0	0
cell_1607	0	0	0	0	0	0	0	0	2	0	0	2	2	0	0	3
cell_123	0	0	0	0	0	0	0	0	0	0	2	0	2	0	0	0
cell_1915	0	0	0	2	0	0	0	0	0	0	0	2	0	0	0	0
cell_1840	0	59	0	0	0	0	0	0	0	0	0	2	0	0	2	0
cell_1676	0	0	0	0	0	0	0	0	0	2	0	2	0	0	0	0
cell_533	0	0	2	0	0	0	0	0	0	0	5	0	0	0	0	2
cell_1972	0	0	2	0	0	0	0	0	0	0	0	2	0	0	2	0
cell_974	0	0	0	0	5	0	0	0	2	0	0	3	0	0	0	0
cell_1926	0	5	0	5	0	0	0	0	0	0	0	2	0	2	2	0
cell_1338	0	0	2	0	0	0	0	0	0	0	0	2	0	0	3	0
cell_1165	0	0	0	0	0	2	0	0	12	0	0	2	0	0	0	2
cell_332	0	0	0	0	0	0	0	2	0	0	0	2	0	0	0	2
cell_321	0	0	0	0	0	0	0	2	3	0	0	0	0	0	0	0
cell_993	0	0	5	0	0	0	0	0	0	0	0	2	0	0	2	0
cell_1317	0	0	2	0	0	0	2	0	0	0	0	2	0	0	0	0
cell_545	0	0	2	0	0	0	5	0	0	10	4	0	0	0	0	2
cell_388	15	0	0	0	0	0	0	0	0	0	0	0	0	0	0	0
cell_954	2	0	0	0	0	0	0	0	2	0	0	0	0	2	0	0
cell_94	0	2	0	0	0	0	0	0	0	0	2	0	2	0	2	0
cell_196	0	0	0	0	0	0	0	0	0	0	0	16	0	0	0	0
cell_272	0	0	0	2	2	2	0	2	0	0	0	21	2	0	0	0
cell_460	0	0	0	2	0	0	0	5	0	0	0	0	0	0	0	0
cell_1363	0	0	0	0	0	0	0	0	0	0	2	2	0	0	0	0
cell_34	3	0	4	0	0	0	0	0	0	0	0	0	2	6	0	0
cell_1897	0	0	0	2	0	0	0	0	0	0	0	2	0	0	0	0
cell_35	3	0	4	0	0	0	0	0	0	0	0	0	0	6	0	0
cell_1271	0	2	0	2	0	2	0	0	12	0	9	2	2	0	0	0
cell_1938	0	0	0	0	0	0	0	0	0	2	0	2	0	2	2	0
cell_1007	0	0	5	0	0	0	0	0	5	0	0	0	0	0	0	0
cell_1885	0	0	0	0	0	2	0	2	0	2	0	2	0	0	0	3
cell_1141	0	0	2	0	0	0	0	0	12	0	0	2	0	3	0	4
cell_857	9	0	0	0	2	0	0	0	0	0	0	0	0	2	0	0
cell_976	0	0	0	0	5	0	5	0	2	0	0	3	0	0	0	0
cell_1492	0	0	0	0	0	0	0	0	0	0	0	2	0	0	0	0
cell_845	9	0	0	0	0	0	0	0	0	0	0	0	3	2	0	0
cell_1292	0	0	0	0	0	0	0	0	0	0	0	2	0	0	0	0
cell_1087	2	0	0	0	0	0	0	0	12	0	0	2	0	0	0	0
cell_509	11	0	0	0	0	0	0	5	2	0	0	0	2	0	0	0
cell_342	0	0	0	0	2	0	0	2	0	0	2	0	0	0	0	0
cell_1802	0	0	0	0	0	0	0	0	0	0	0	2	0	0	0	0
cell_1005	0	0	5	0	0	0	0	0	0	7	0	0	0	0	0	0
cell_192	0	0	0	0	0	0	0	0	5	0	0	0	0	0	0	0
cell_569	2	0	2	2	0	0	0	0	0	0	0	0	0	0	0	2
cell_1812	0	0	0	2	0	0	0	0	0	0	0	2	0	0	0	0
cell_1354	0	0	0	0	0	0	0	0	0	0	0	2	0	0	0	0
cell_1790	0	0	0	0	17	0	2	2	11	2	0	2	0	0	2	0
cell_1407	0	0	0	0	0	0	2	0	0	0	0	2	0	2	0	0
cell_1717	0	0	0	0	0	0	0	0	0	2	0	2	0	0	0	0
cell_205	0	3	2	0	0	0	0	0	6	0	0	0	4	0	0	0
cell_459	0	0	0	2	0	0	0	5	0	0	0	0	0	0	0	0
cell_1248	3	0	0	2	2	2	0	0	12	0	9	2	0	0	0	0
cell_1671	2	0	0	0	0	0	0	0	5	2	0	2	0	0	0	0
cell_1766	0	0	0	0	0	0	0	0	0	2	0	2	0	0	0	0
cell_1634	5	0	0	0	0	0	0	0	2	0	0	2	2	0	0	0
cell_329	0	0	0	0	0	0	0	2	0	0	0	2	0	0	0	2
cell_1347	0	0	0	0	0	0	2	0	0	0	0	2	0	2	3	0
cell_1537	2	0	0	9	0	0	0	0	0	0	0	2	0	0	0	4
cell_1108	0	0	2	0	0	0	0	0	12	0	2	2	4	3	0	0
cell_913	2	0	0	0	0	0	0	4	0	0	0	0	0	0	0	0
cell_1988	0	0	0	0	0	0	0	0	0	0	2	2	0	0	0	0
cell_209	0	0	0	0	0	0	0	0	0	0	0	0	0	0	0	0
cell_868	9	0	3	0	0	0	2	0	0	0	0	0	4	2	0	2
cell_200	0	0	0	0	0	0	0	0	0	0	0	0	0	0	0	0
cell_1021	0	0	0	0	2	0	0	0	0	0	5	0	0	0	0	0
cell_1912	0	0	0	2	0	3	0	0	0	0	2	2	2	0	0	0
cell_572	0	0	2	2	0	0	0	0	0	0	0	0	0	0	0	2
cell_1075	2	0	0	0	0	0	0	0	12	0	0	2	0	0	0	0
cell_1313	0	0	2	0	0	2	2	0	0	0	0	2	0	0	0	0
cell_1105	0	0	2	0	0	0	0	0	12	0	2	2	4	3	0	0
cell_1798	0	0	0	0	0	0	2	0	0	0	0	2	0	0	0	0
cell_1973	0	0	2	0	0	0	0	0	0	0	0	2	0	0	2	0
cell_1651	0	0	0	0	0	0	0	0	0	0	0	2	0	2	0	0
cell_1451	0	0	0	0	0	0	0	0	0	4	3	2	0	0	0	0
cell_1937	0	0	0	0	0	0	0	0	0	2	0	2	0	2	2	0
cell_224	0	0	0	0	0	0	0	0	3	0	0	0	0	0	0	0
cell_437	15	0	0	0	4	0	0	0	0	0	0	0	0	0	0	0
cell_596	0	2	2	0	0	0	0	0	5	0	0	0	0	0	0	0
cell_131	0	0	0	0	0	0	0	3	2	0	0	2	0	0	0	0
cell_1323	0	0	2	0	0	0	0	0	0	0	0	2	0	0	0	0
cell_322	0	0	0	0	0	0	0	2	3	0	0	0	0	0	0	0
cell_163	0	0	0	0	0	0	0	12	0	0	0	0	2	0	0	0
cell_146	0	0	0	9	0	0	0	0	10	0	0	0	0	0	0	0
cell_1524	0	0	0	0	0	0	0	2	0	0	0	2	2	0	0	0
cell_1953	0	0	0	0	0	0	0	0	0	0	2	2	0	0	2	2
cell_1887	0	0	0	0	0	0	0	2	0	2	0	2	0	0	0	3
cell_82	0	2	0	0	0	0	0	0	0	0	0	0	2	0	0	2
cell_326	0	0	0	0	0	0	0	2	0	0	0	0	0	0	0	0
cell_966	0	0	0	0	0	0	0	0	2	0	0	0	0	0	2	0
cell_1282	0	0	0	0	0	2	0	0	0	0	0	2	0	0	0	0
cell_1201	0	0	0	0	5	2	0	2	12	0	0	2	0	0	0	2
cell_178	0	0	0	0	0	0	0	0	0	0	0	0	0	0	0	0
cell_23	0	0	0	0	0	0	0	0	0	0	0	0	0	0	0	5
cell_249	0	0	0	0	0	0	0	0	0	2	10	0	0	2	0	0
cell_1256	0	0	0	0	2	2	0	0	12	5	9	2	2	0	0	0
cell_1118	0	0	2	0	0	0	0	0	12	0	0	2	4	3	0	0
cell_1396	0	0	0	0	0	0	2	0	0	0	0	2	0	0	0	0
cell_1592	0	0	0	0	0	0	0	0	0	0	0	2	0	49	0	0
cell_1843	0	0	0	0	0	0	0	0	0	0	0	2	0	0	2	0
cell_694	0	0	0	4	0	2	0	0	0	0	0	0	5	2	0	0
cell_1631	0	0	7	0	13	0	0	0	2	2	0	2	0	0	0	0
cell_1879	0	0	0	0	2	0	2	2	0	2	2	2	0	0	0	0
cell_1662	0	0	0	0	2	0	0	0	0	0	0	2	0	2	0	0
cell_733	0	0	0	0	0	0	0	2	0	0	0	3	0	0	0	0
cell_2044	0	0	0	0	0	0	7	0	0	0	0	2	0	2	0	0
cell_554	0	0	2	0	0	0	0	0	0	0	0	0	0	0	0	2
cell_2004	0	0	0	0	0	0	0	0	0	0	2	2	0	0	3	0
cell_1142	0	0	2	0	0	0	0	0	12	0	0	2	0	3	0	4
cell_741	0	0	0	2	0	0	0	2	0	3	0	3	0	0	0	0
cell_1870	0	0	0	0	0	0	0	0	0	2	0	2	0	0	0	0
cell_90	0	2	0	0	0	0	0	0	0	0	0	0	2	0	0	0
cell_4	0	0	0	2	0	0	0	0	0	2	0	0	3	0	0	5
cell_438	15	0	0	0	4	0	0	0	0	0	0	0	0	0	0	0
cell_1623	0	0	0	5	0	0	0	0	2	0	0	2	0	0	0	0
cell_467	0	0	0	0	0	2	0	5	0	0	0	0	0	4	0	0
cell_931	2	0	0	0	0	0	0	0	0	0	0	2	0	0	0	0
cell_1586	0	0	0	0	0	0	0	0	0	0	0	2	0	0	0	0
cell_289	6	0	0	0	0	0	0	2	0	0	0	0	2	0	0	0
cell_247	0	0	0	0	0	0	0	0	0	2	0	0	0	2	0	0
cell_728	0	0	0	0	0	0	0	2	0	0	0	3	0	0	0	0
cell_413	15	0	0	0	0	2	2	0	0	0	0	0	0	0	0	0
cell_1934	0	0	0	0	0	0	0	0	2	0	0	2	3	2	2	0
cell_1697	0	0	0	0	0	0	0	0	0	2	0	2	0	0	0	0
cell_1542	2	0	0	9	0	0	0	0	0	0	0	2	0	2	0	4
cell_691	0	0	0	4	0	2	0	0	0	0	0	0	5	0	0	2
cell_839	9	0	0	2	0	0	0	0	0	0	0	0	3	2	0	0
cell_228	0	0	0	2	0	2	6	0	0	2	0	2	0	2	0	0
cell_626	0	0	2	0	0	0	0	0	0	0	0	0	0	2	0	0
cell_1844	0	0	0	0	0	0	0	0	0	0	0	2	0	0	2	0
cell_140	0	0	0	0	0	0	0	0	2	0	0	0	0	0	0	0
cell_769	0	0	0	6	0	0	0	12	0	0	0	0	0	2	0	0
cell_1685	0	0	0	10	0	0	0	0	0	2	0	2	0	0	0	0
cell_1760	0	0	0	0	2	8	0	9	0	2	0	2	2	0	3	0
cell_1718	0	0	0	0	0	0	0	0	0	2	0	2	0	0	0	0
cell_646	0	0	0	0	0	0	0	2	0	0	74	0	0	0	0	0
cell_1287	0	0	0	0	0	0	0	0	0	0	0	2	0	0	0	0
cell_1204	0	0	0	0	5	2	0	2	12	0	0	2	0	0	0	2
cell_1970	0	0	2	0	0	0	0	0	0	0	0	2	0	0	2	0
cell_1905	0	0	0	2	0	3	0	0	0	0	2	2	2	0	0	0
cell_781	0	0	0	6	0	0	0	12	0	0	0	0	0	2	0	0
cell_73	0	2	0	0	0	0	0	0	0	0	0	0	2	0	3	0
cell_1343	0	0	2	0	0	0	0	0	0	2	0	2	0	0	3	0
cell_1901	0	0	0	2	0	0	0	0	0	0	0	2	0	0	0	5
cell_1567	2	0	0	2	0	0	0	2	0	0	0	2	0	0	0	0
cell_583	0	2	2	4	0	0	0	0	0	0	0	0	0	0	0	2
cell_1765	0	0	0	0	0	0	0	0	0	2	0	2	0	0	0	0
cell_1334	0	0	2	0	0	0	0	0	0	0	0	2	0	0	2	2
cell_348	0	0	0	0	0	0	0	2	0	0	2	2	0	0	0	0
cell_28	0	0	2	0	0	0	0	0	0	0	0	0	0	0	0	5
cell_1743	0	0	0	0	0	0	0	3	0	2	0	2	0	0	0	0
cell_516	0	0	2	0	0	0	0	0	2	0	0	0	2	0	0	2
cell_1458	0	0	0	0	0	0	0	0	0	0	0	2	0	0	0	0
cell_838	9	0	0	2	0	0	0	0	0	0	0	0	3	2	0	0
cell_479	0	0	0	0	0	0	0	5	0	0	0	0	0	4	0	3
cell_869	9	0	3	0	0	0	2	0	0	0	0	0	4	2	0	2
cell_686	0	0	0	0	0	0	0	0	0	0	0	2	0	0	0	0
cell_983	0	0	0	0	0	2	0	0	0	0	0	0	2	0	0	20
cell_692	0	0	0	4	0	2	0	0	0	0	0	0	5	0	0	2
cell_160	0	0	0	0	0	0	0	0	0	0	0	0	0	0	0	0
cell_106	0	0	0	2	0	0	0	0	4	0	0	0	2	0	0	0
cell_969	0	0	0	0	0	0	0	0	2	0	0	0	0	0	0	0
cell_1041	0	0	0	0	0	0	0	0	12	0	0	2	0	0	0	0
cell_1316	0	5	2	0	0	2	2	0	0	0	0	2	0	0	0	0
cell_1260	0	0	0	0	0	2	0	0	12	0	9	2	2	0	0	0
cell_207	0	3	2	0	0	0	0	0	0	0	0	0	4	0	0	0
cell_1626	0	0	0	2	0	0	0	0	2	0	0	2	0	0	0	0
cell_749	0	0	5	0	0	0	0	0	0	0	0	3	0	0	2	0
cell_1369	0	0	0	4	0	0	0	0	0	0	0	2	0	0	0	0
cell_1757	0	0	0	0	2	8	0	9	0	2	0	2	0	0	3	0
cell_1300	3	0	0	0	0	0	0	0	0	8	0	2	0	0	0	0
cell_343	0	0	0	0	2	0	0	2	0	0	2	0	0	0	0	0
cell_1574	0	0	0	48	0	0	2	0	0	0	0	2	0	0	0	0
cell_288	0	0	2	0	0	0	0	2	0	0	0	0	2	0	0	0
cell_20	0	0	0	0	0	0	0	0	0	0	0	0	0	0	0	5
cell_1341	0	0	2	0	0	0	0	0	0	0	0	2	0	0	3	0
cell_1466	0	0	0	0	0	0	0	0	0	0	0	2	0	0	0	0
cell_1584	0	0	0	0	0	0	2	0	0	0	0	2	0	0	0	0
cell_1868	0	0	0	0	0	0	0	0	0	2	0	2	0	0	0	0
cell_1305	3	0	0	0	0	0	0	0	0	0	0	2	0	0	0	2
cell_997	0	0	5	0	0	0	0	0	0	0	0	2	2	0	0	0
cell_668	0	4	0	0	2	0	0	0	0	0	0	0	0	2	0	0
cell_788	0	20	5	6	0	0	0	0	0	0	0	0	0	2	0	0
cell_1200	0	0	0	0	5	2	0	0	12	0	0	2	0	0	0	2
cell_1380	0	0	0	2	0	0	0	2	0	0	0	2	0	0	0	0
cell_77	2	2	0	0	0	0	0	0	0	0	0	0	2	0	0	0
cell_1496	0	0	2	0	0	0	0	0	0	0	0	2	0	0	0	0
cell_265	0	0	0	0	2	2	0	2	0	0	2	0	2	0	0	0
cell_1401	0	0	0	0	0	0	2	0	0	0	0	2	0	0	2	0
cell_1902	0	0	0	2	0	0	0	0	0	0	0	2	0	0	0	5
cell_2022	0	0	2	0	0	0	0	0	0	4	0	2	0	0	0	0
cell_1549	2	14	0	0	2	0	0	0	0	0	0	2	0	0	0	0
cell_384	2	0	2	0	0	0	0	2	0	0	0	0	0	0	0	0
cell_124	0	0	0	0	0	0	0	0	0	0	2	0	2	0	0	0
cell_379	2	0	2	0	0	0	2	2	0	0	0	0	0	0	0	0
cell_373	0	0	2	0	0	0	0	2	0	0	0	0	0	0	0	0
cell_1701	0	0	0	0	0	0	5	0	0	2	0	2	0	0	0	0
cell_1057	0	0	0	2	0	0	0	0	12	0	0	2	0	0	0	0
cell_52	0	0	0	0	0	0	0	0	0	0	0	0	0	0	0	0
cell_1131	2	0	2	2	0	0	0	3	12	0	0	2	0	3	0	0
cell_279	0	0	0	0	0	5	0	2	0	2	0	0	2	0	0	0
cell_1186	4	0	0	0	5	2	0	0	12	2	0	2	2	0	0	2
cell_154	0	0	0	0	0	2	0	0	0	0	0	0	0	0	0	0
cell_1050	0	0	0	0	0	0	0	0	12	0	0	2	0	0	0	0
cell_147	0	0	0	9	0	0	0	0	10	0	0	0	0	2	0	0
cell_1348	0	0	0	0	0	0	2	0	0	0	0	2	0	2	3	0
cell_1674	0	0	0	0	0	0	0	0	0	2	0	2	0	0	0	3
cell_1144	0	0	2	0	0	0	0	0	12	0	0	2	0	3	0	4
cell_412	15	0	0	0	0	0	2	0	0	0	0	0	0	0	0	0
cell_1443	0	0	0	0	0	0	0	0	2	0	0	2	0	2	0	0
cell_770	0	0	0	6	0	0	0	12	0	0	0	0	0	2	0	0
cell_570	2	0	2	2	0	0	0	0	0	0	0	0	0	0	0	2
cell_1776	0	16	0	0	0	0	0	0	0	2	0	2	0	0	0	0
cell_476	0	0	0	0	0	0	0	5	0	0	0	0	0	4	0	0
cell_809	0	0	0	0	0	0	0	0	0	0	0	0	0	2	2	0
cell_487	0	0	0	0	16	0	0	5	2	0	0	3	0	0	0	2
cell_609	0	0	2	2	0	0	0	0	0	0	0	0	2	0	0	0
cell_1350	2	0	0	0	0	0	0	0	0	0	0	2	0	2	3	0
cell_95	0	2	0	0	0	0	0	0	0	0	0	0	2	0	0	0
cell_735	0	0	0	0	0	0	0	2	0	0	0	3	0	0	0	0
cell_63	0	0	0	0	0	0	0	0	0	0	0	0	2	0	0	0
cell_518	0	0	2	0	0	0	0	0	2	0	0	0	0	0	0	2
cell_957	2	0	0	0	0	0	0	3	2	0	0	0	0	2	0	0
cell_688	0	2	0	0	0	0	0	0	0	0	145	2	0	0	0	0
cell_1092	0	0	2	2	0	2	0	0	12	0	0	2	4	3	0	0
cell_1711	0	0	0	0	0	0	0	0	0	2	0	2	0	3	0	0
cell_372	0	0	2	0	0	0	0	2	0	0	4	0	0	0	0	0
cell_157	0	0	0	0	0	0	0	0	2	0	0	0	0	0	0	0
cell_567	0	0	2	2	0	0	0	0	0	0	0	0	0	2	2	2
cell_1756	0	0	0	5	2	0	0	9	0	2	0	2	0	0	0	0
cell_428	15	0	0	3	0	0	0	0	0	0	0	0	0	0	0	0
cell_103	0	0	0	0	0	2	0	0	0	0	0	0	2	0	0	0
cell_1789	0	0	0	0	17	0	2	2	11	2	0	2	0	0	2	0
cell_1163	0	0	0	0	0	2	0	0	12	0	0	2	0	0	0	2
cell_958	2	0	0	0	0	0	0	3	2	0	0	0	0	2	0	0
cell_1039	0	0	2	0	0	0	0	0	12	5	0	2	0	0	0	0
cell_505	11	0	0	0	0	0	0	5	2	0	0	0	0	0	0	0
cell_524	0	0	2	0	0	0	0	0	0	0	0	0	0	0	0	2
cell_1371	0	0	0	4	0	0	0	0	0	0	0	2	0	0	0	0
cell_611	0	0	2	2	0	0	8	0	15	8	5	0	2	0	0	0
cell_1759	0	0	0	0	2	8	0	9	0	2	0	2	2	0	3	0
cell_1530	0	0	0	0	0	0	0	0	0	0	0	2	0	0	0	0
cell_1491	0	0	0	0	0	0	0	0	0	0	0	2	0	0	0	0
cell_1866	0	0	0	2	0	0	0	0	0	2	0	2	0	0	0	0
cell_783	0	0	0	6	0	0	0	12	0	0	0	0	0	2	0	0
cell_1146	0	0	2	0	0	0	0	0	12	0	0	2	0	3	13	0
cell_1875	0	0	0	0	0	0	2	2	0	2	0	2	0	0	0	0
cell_2027	0	0	2	0	0	0	0	64	0	0	0	2	0	0	0	0
cell_333	0	0	0	0	0	0	0	2	0	0	0	0	0	0	0	0
cell_441	15	0	0	0	0	0	0	0	0	0	0	0	0	0	0	0
cell_24	0	0	0	0	0	0	0	0	0	0	0	0	0	0	0	5
cell_79	0	2	0	0	0	0	0	3	0	0	0	0	2	0	0	0
cell_1114	0	0	2	0	0	0	0	0	12	2	0	2	4	3	0	0
cell_1111	0	0	2	0	0	0	0	0	12	0	0	2	4	3	0	0
cell_489	0	0	0	0	0	0	0	5	2	0	0	0	0	0	0	0
cell_1609	0	0	0	3	3	0	0	0	2	0	0	2	0	0	0	0
cell_466	0	0	0	0	0	2	0	5	0	0	0	0	0	4	0	0
cell_541	0	0	2	0	0	0	0	0	0	0	5	0	0	0	0	2
cell_483	0	0	0	0	16	0	0	5	2	0	0	0	0	0	0	0
cell_450	3	0	0	2	0	0	0	5	0	0	0	0	0	0	0	0
cell_198	0	0	0	0	0	0	0	0	0	0	0	0	0	0	0	0
cell_1668	0	0	0	0	0	0	0	0	0	2	0	2	0	0	0	0
cell_2032	0	34	2	0	0	0	0	0	5	0	0	2	0	0	0	0
cell_1834	0	0	0	0	0	0	0	0	0	0	0	2	0	0	2	0
cell_169	0	0	0	0	0	0	0	0	0	0	0	0	0	0	0	0
cell_775	0	0	0	6	0	0	0	12	0	0	0	0	0	2	0	0
cell_1819	0	0	0	0	0	0	0	2	0	0	0	2	0	0	0	0
cell_1935	0	0	0	0	0	0	0	0	2	0	0	2	0	2	2	0
cell_110	0	0	0	0	0	0	0	2	4	0	0	0	2	0	0	0
cell_493	0	0	0	0	0	0	0	5	2	0	0	0	0	0	0	0
cell_37	0	0	0	0	0	8	0	0	0	0	0	9	0	6	0	0
cell_1272	0	2	0	2	0	2	0	0	12	0	9	2	2	0	0	0
cell_1289	0	0	0	0	0	0	0	0	0	0	0	2	0	0	0	0
cell_555	0	0	2	0	0	0	0	0	0	0	0	0	0	0	0	2
cell_468	0	0	0	0	0	2	0	5	0	0	0	0	0	4	0	0
cell_365	0	0	2	0	0	0	0	2	5	0	0	2	0	0	2	0
cell_1047	0	0	0	0	0	0	0	0	12	0	4	2	0	0	0	2
cell_1379	0	0	0	2	0	0	0	2	0	0	0	2	0	0	0	0
cell_287	0	0	2	0	0	0	0	2	0	0	0	0	2	0	0	0
cell_1818	2	0	0	0	0	0	0	0	0	0	0	2	0	0	0	8
cell_421	15	0	0	3	0	4	0	0	6	0	0	0	0	0	3	0
cell_937	2	0	0	0	0	0	2	0	0	0	0	2	0	0	0	0
cell_201	0	0	2	0	0	0	0	0	0	0	0	0	4	0	0	0
cell_1190	4	0	0	0	5	2	0	2	12	2	0	2	2	0	0	2
cell_59	0	0	0	0	0	0	0	0	0	0	0	0	2	0	0	0
cell_885	9	0	3	0	0	0	0	5	0	0	2	0	4	2	0	0
