V1	V2	V3	V4	V5	V6	V7	V8	V9	V10	V11	V12	V13	V14	V15	V16
cell_930	0	0	0	0	0	0	0	0	0	0	0	0	0	0	0	0
cell_855	0	0	0	0	0	0	0	0	2	0	2	0	0	0	2	0
cell_980	0	0	0	3	0	0	0	0	0	2	0	0	0	0	0	0
cell_720	4	0	0	0	0	0	0	2	2	0	0	0	0	0	0	0
cell_101	0	0	0	0	0	0	64	0	0	0	0	0	0	4	0	0
cell_658	0	0	0	0	0	0	0	2	2	0	0	0	0	0	0	0
cell_645	0	0	0	0	0	0	0	2	2	0	0	4	2	0	0	0
cell_185	0	0	0	0	0	0	0	0	0	0	0	0	0	4	0	0
cell_619	0	0	0	0	0	0	0	2	0	0	0	0	0	0	3	0
cell_963	0	0	0	0	0	0	0	0	0	2	0	0	0	0	0	0
cell_786	0	0	0	0	0	0	0	0	0	0	0	0	0	0	2	0
cell_181	0	0	0	0	0	0	0	0	0	0	2	0	0	4	0	0
cell_802	0	0	5	2	0	0	0	0	2	0	0	0	0	0	2	0
cell_382	13	0	0	0	0	0	0	8	0	0	9	0	0	0	0	0
cell_225	0	0	0	0	0	0	0	0	0	0	0	0	0	4	2	0
cell_10	0	0	0	0	2	0	0	2	0	0	0	0	0	4	2	0
cell_927	0	0	2	0	0	0	0	0	0	0	0	2	0	0	0	0
cell_806	0	0	5	2	0	0	0	0	2	0	0	0	0	0	2	5
cell_455	0	0	3	0	0	0	5	0	2	0	2	0	3	0	0	0
cell_456	0	0	3	0	0	0	5	0	2	0	2	0	3	0	0	0
cell_512	0	0	0	0	0	0	0	0	0	0	0	0	0	0	0	0
cell_175	0	13	0	0	0	0	2	0	0	2	0	0	0	4	0	0
cell_955	0	0	0	0	0	0	0	0	0	0	0	0	0	0	5	0
cell_953	0	0	0	0	0	0	0	0	0	2	0	0	0	0	0	0
cell_115	0	0	0	0	0	0	0	0	0	0	0	0	0	4	0	0
cell_91	0	0	0	0	2	0	0	0	0	0	0	0	0	4	0	0
cell_906	0	0	0	0	0	0	0	0	0	0	0	2	0	0	0	0
cell_796	0	0	0	28	0	0	0	0	0	0	0	0	2	0	2	0
cell_887	0	0	0	0	0	0	0	0	9	0	2	2	4	0	2	0
cell_647	0	0	0	0	0	0	0	2	2	0	0	0	0	0	0	0
cell_233	0	0	0	0	0	0	0	0	0	0	0	0	0	4	2	0
cell_183	0	0	0	0	0	0	0	0	0	0	2	0	0	4	0	0
cell_83	0	0	0	0	2	3	0	0	0	0	0	0	0	4	0	0
cell_529	0	0	0	0	0	0	0	2	2	0	0	0	0	0	0	0
cell_675	0	0	0	2	0	0	0	2	2	0	0	0	0	0	0	0
cell_201	0	0	2	0	0	0	5	0	0	0	0	0	0	4	0	0
cell_799	0	0	0	0	0	0	0	0	0	0	0	0	2	2	2	0
cell_114	0	0	0	0	0	0	0	0	0	0	0	0	0	4	0	0
cell_683	0	0	0	0	0	0	0	2	2	0	0	0	0	0	0	0
cell_878	0	0	0	0	0	0	0	0	0	0	2	0	0	0	2	0
cell_167	0	0	0	0	0	0	0	0	0	0	2	0	0	4	0	0
cell_585	0	0	0	0	0	0	0	2	0	0	0	0	0	0	2	0
cell_383	13	0	0	0	0	0	0	8	0	0	9	0	0	0	0	0
cell_479	0	0	3	0	0	0	5	0	2	0	0	0	3	0	0	0
cell_535	0	0	5	0	0	0	0	2	2	0	0	0	0	0	0	0
cell_696	0	0	0	0	0	0	0	2	2	0	0	0	0	0	0	0
cell_544	0	0	0	0	0	0	0	2	6	0	0	0	0	0	0	0
cell_211	0	0	0	0	0	0	5	0	0	0	0	0	0	4	0	0
cell_552	0	0	0	5	0	0	0	2	0	0	2	0	0	0	4	0
cell_561	2	5	0	0	0	0	0	2	0	0	0	0	2	0	0	2
cell_327	8	0	2	0	0	0	11	0	0	0	9	0	0	0	0	0
cell_612	0	0	0	0	0	0	0	2	0	0	0	0	2	0	3	0
cell_196	0	0	2	0	0	0	5	0	0	2	0	0	0	4	0	0
cell_549	0	0	0	5	0	0	0	2	0	0	2	0	0	0	4	0
cell_141	0	0	0	4	0	0	0	0	0	0	0	0	0	4	0	0
cell_708	4	0	0	0	0	0	3	2	2	0	0	0	0	0	0	0
cell_125	0	0	0	0	0	0	0	0	0	0	0	0	0	4	0	0
cell_988	0	0	0	3	0	0	0	0	0	2	0	0	0	0	0	0
cell_190	0	0	0	0	0	0	0	0	0	0	0	0	0	4	0	0
cell_36	0	0	0	0	0	0	0	0	0	0	0	0	0	4	0	0
cell_423	0	0	0	5	0	0	0	0	2	0	0	0	0	0	0	0
cell_591	0	0	0	0	0	0	5	2	0	0	0	0	0	2	2	0
cell_981	0	0	0	3	0	0	0	0	0	2	4	0	0	0	0	0
cell_247	0	0	0	0	0	0	0	0	0	0	0	0	0	4	0	0
cell_783	0	0	0	0	0	0	0	0	0	0	4	0	0	0	2	0
cell_933	0	0	0	0	0	0	0	0	0	0	0	0	0	0	0	0
cell_278	0	0	0	0	0	0	0	0	0	0	0	0	0	0	0	4
cell_319	0	0	0	0	0	0	0	0	0	2	0	0	0	0	0	4
cell_866	0	0	0	0	0	2	0	0	0	0	2	0	0	0	2	0
cell_949	0	0	0	0	0	0	0	27	0	0	0	0	0	0	0	0
cell_775	5	0	0	0	0	4	0	0	0	0	4	0	0	0	2	0
cell_314	0	0	0	0	0	0	0	0	0	2	0	0	0	0	0	4
cell_904	0	0	3	0	0	0	0	3	0	0	0	2	0	0	0	0
cell_671	0	0	0	0	0	0	0	2	2	0	0	0	0	0	0	0
cell_1010	0	0	0	4	0	0	2	51	0	0	0	0	0	0	2	0
cell_506	0	0	0	0	10	0	0	0	0	0	0	0	0	0	0	0
cell_399	0	0	0	0	0	0	0	0	0	0	0	0	0	0	0	0
cell_779	0	0	0	0	0	0	0	0	0	0	4	0	0	0	2	2
cell_889	0	0	0	0	0	0	0	0	0	0	2	2	0	0	2	0
cell_378	13	0	0	0	2	0	0	8	0	0	9	0	0	0	0	0
cell_428	0	0	0	0	0	0	0	0	2	0	0	0	0	0	0	0
cell_884	0	0	0	0	0	0	0	0	0	0	2	0	0	0	2	0
cell_432	0	0	0	0	0	0	0	0	2	0	0	0	0	0	0	0
cell_970	0	5	0	0	0	0	0	0	0	2	0	0	0	0	0	0
cell_869	0	0	0	0	0	0	0	0	2	0	2	0	0	0	2	0
cell_571	2	5	0	0	2	0	0	2	0	0	0	0	0	5	0	2
cell_124	0	0	0	0	0	0	0	0	0	0	0	0	2	4	0	0
cell_692	0	0	0	0	0	0	0	2	2	0	0	0	0	0	0	0
cell_323	0	0	2	4	0	0	11	0	0	0	9	0	0	0	0	0
cell_495	0	0	0	0	0	0	0	0	0	0	0	0	0	0	0	0
cell_627	0	3	0	0	0	0	2	2	0	0	0	0	0	0	3	0
cell_376	13	0	0	0	0	0	0	8	0	0	9	0	0	0	0	0
cell_236	0	0	0	0	0	0	0	0	0	0	0	0	0	4	2	0
cell_275	0	0	0	0	0	4	0	0	0	0	0	0	0	0	0	4
cell_450	0	0	3	0	0	0	5	0	2	0	2	0	3	0	0	0
cell_625	0	3	0	0	0	0	2	2	0	0	0	0	0	0	3	0
cell_924	0	0	0	0	0	0	0	0	0	0	0	2	0	0	0	0
cell_507	0	0	0	0	10	0	0	0	0	0	0	0	0	0	0	0
cell_517	0	0	0	0	0	0	0	2	0	0	0	0	0	0	0	0
cell_765	0	0	0	0	0	0	0	2	2	0	0	2	0	0	2	5
cell_668	0	0	0	0	0	0	0	2	2	0	0	0	0	0	0	0
cell_940	0	0	2	0	0	0	4	0	0	0	0	0	0	0	0	0
cell_299	0	0	4	0	0	0	0	0	0	0	0	0	0	0	0	4
cell_818	0	0	0	0	0	0	0	0	0	0	9	0	0	0	2	0
cell_32	0	0	0	0	0	0	0	0	0	0	0	0	3	4	0	0
cell_41	0	0	0	0	0	0	0	0	0	0	0	2	0	4	0	0
cell_968	0	0	0	0	0	0	0	0	0	2	0	0	0	0	0	0
cell_1022	0	0	0	4	0	0	0	0	2	0	0	0	0	0	2	0
cell_262	0	0	0	0	0	0	0	0	0	0	0	0	0	0	0	4
cell_164	0	0	0	2	0	0	0	0	0	0	0	0	0	4	0	0
cell_911	0	0	0	0	0	0	0	2	0	0	0	2	0	0	0	0
cell_525	0	0	0	0	0	0	0	2	5	0	0	0	0	0	0	5
cell_952	0	0	0	0	0	0	0	27	0	0	0	0	0	0	0	0
cell_397	0	0	0	0	0	0	0	0	0	0	0	0	0	0	0	0
cell_253	0	0	0	0	0	0	0	0	0	0	0	0	0	4	0	0
cell_573	2	5	2	0	2	0	0	2	0	0	0	0	0	0	0	2
cell_978	0	5	0	3	0	0	0	0	0	2	0	0	0	0	0	0
cell_463	0	0	3	0	0	0	5	0	2	0	2	0	3	0	0	0
cell_393	0	0	0	0	0	0	0	0	0	0	0	0	0	0	0	0
cell_312	0	0	0	0	0	0	0	0	0	0	0	2	0	0	2	4
cell_492	0	0	0	0	0	0	0	0	0	0	0	0	0	0	0	0
cell_449	0	0	3	0	0	0	5	0	2	0	2	0	3	0	0	0
cell_173	0	0	2	0	0	0	2	0	0	0	0	0	0	4	0	0
cell_568	2	5	0	0	0	0	0	2	0	0	0	2	2	0	0	2
cell_974	0	0	0	0	0	0	5	0	0	2	21	0	0	0	0	0
cell_289	0	0	4	0	0	0	0	0	0	0	0	0	0	0	0	4
cell_356	0	0	0	0	0	5	0	8	0	0	9	0	0	0	0	0
cell_80	0	0	0	0	2	0	0	0	0	0	0	0	0	4	0	0
cell_700	0	0	0	0	0	0	0	2	2	0	0	0	0	2	0	0
cell_147	0	0	0	0	0	0	0	5	4	2	0	0	0	4	0	0
cell_626	0	3	0	0	0	0	2	2	0	0	0	0	0	0	3	0
cell_44	0	0	0	0	0	0	0	0	0	0	0	0	0	4	0	0
cell_511	0	0	0	0	0	0	0	0	0	0	0	0	0	0	0	0
cell_839	5	0	0	0	2	0	0	0	2	0	2	0	0	0	2	0
cell_315	0	0	0	0	0	0	0	0	0	2	0	0	0	2	0	4
cell_279	0	0	0	0	0	0	2	0	0	0	0	0	0	0	0	4
cell_139	0	0	0	4	0	0	0	0	0	0	0	0	0	4	0	0
cell_932	0	0	0	0	0	0	0	0	0	0	0	0	0	0	0	0
cell_661	0	0	0	0	2	0	0	2	2	0	0	0	0	0	0	0
cell_100	0	0	0	0	0	0	64	0	0	0	0	0	0	4	0	2
cell_642	0	0	0	0	0	0	0	2	2	0	0	0	0	0	0	8
cell_588	0	0	0	0	0	0	0	2	0	0	0	0	0	0	2	0
cell_85	0	0	0	0	2	3	5	0	0	0	0	0	0	4	0	0
cell_75	0	0	0	0	2	0	0	0	0	0	0	0	0	4	0	0
cell_662	0	0	0	0	2	0	0	2	2	0	0	0	0	0	0	0
cell_380	13	0	0	0	2	0	0	8	0	0	9	0	0	0	0	0
cell_17	0	0	0	0	0	2	0	0	2	0	0	0	0	4	0	0
cell_149	0	0	0	0	0	0	0	5	0	0	0	0	0	4	0	0
cell_321	0	0	2	0	0	0	11	0	0	0	9	0	0	0	0	0
cell_620	0	0	0	0	0	0	0	2	0	0	0	0	0	0	3	0
cell_595	0	0	0	0	0	0	0	2	0	0	0	0	0	0	0	2
cell_400	0	0	0	0	0	0	0	0	0	0	0	0	0	0	0	0
cell_207	11	0	2	0	0	0	5	0	0	0	0	0	0	4	0	0
cell_985	0	0	0	3	0	0	0	0	0	2	0	0	2	0	0	0
cell_693	0	0	0	0	0	0	0	2	2	0	0	0	0	0	0	0
cell_94	0	0	0	0	2	0	0	0	0	0	0	0	0	4	2	0
cell_564	2	5	0	0	0	0	0	2	0	0	0	0	0	0	0	2
cell_337	0	0	2	0	0	0	0	0	0	0	9	0	0	0	0	0
cell_46	0	0	0	0	0	0	0	0	0	0	0	0	0	4	0	0
cell_431	0	0	0	0	0	0	0	0	2	0	0	0	0	0	0	0
cell_697	0	0	0	0	0	0	0	2	2	0	0	0	0	0	0	0
cell_954	0	0	0	0	0	0	0	0	0	2	0	0	0	0	0	0
cell_659	0	0	0	0	0	0	2	2	2	0	0	0	0	0	0	0
cell_168	0	0	0	0	0	0	0	0	0	0	2	0	0	4	0	0
cell_351	0	0	2	0	0	0	3	0	0	0	9	0	0	0	0	0
cell_996	0	0	0	4	0	0	0	0	0	0	0	0	0	0	0	0
cell_135	0	2	0	3	0	0	0	0	0	0	0	0	0	4	0	0
cell_165	0	0	0	0	0	0	2	0	0	0	2	0	0	4	0	0
cell_33	0	0	0	0	7	0	0	2	0	0	0	0	0	4	0	0
cell_145	0	0	0	0	0	0	0	5	4	2	0	0	0	4	0	0
cell_244	0	0	0	0	0	0	0	0	0	0	0	0	0	4	0	0
cell_154	0	0	0	0	0	0	0	5	0	0	0	0	3	4	0	0
cell_907	0	0	0	0	0	0	0	0	0	0	0	2	0	0	0	0
cell_539	0	0	0	0	0	0	0	2	6	0	0	9	0	0	0	0
cell_51	3	0	0	0	0	0	0	0	0	0	0	0	0	4	0	0
cell_610	0	0	0	0	0	0	0	2	0	0	0	10	0	0	3	0
cell_937	2	0	0	0	0	0	0	0	0	0	0	0	0	0	0	0
cell_203	0	0	2	0	0	0	5	0	0	0	0	0	0	4	0	0
cell_34	0	0	0	0	7	0	0	2	0	0	0	0	0	4	0	0
cell_324	0	0	2	4	0	0	11	0	0	0	9	0	0	0	0	0
cell_52	3	0	0	0	0	0	0	0	0	0	0	0	0	4	0	0
cell_850	0	0	0	0	0	0	0	0	2	0	2	0	2	0	2	0
cell_611	0	0	0	0	0	0	0	2	0	0	0	0	2	0	3	0
cell_858	0	0	0	0	0	0	0	0	2	6	2	0	0	3	2	0
cell_713	4	0	0	0	0	0	0	2	2	0	0	0	0	0	0	0
cell_263	0	0	0	0	0	0	0	0	0	0	0	0	0	0	0	4
cell_908	0	0	0	0	0	0	0	0	0	0	0	2	0	0	0	0
cell_204	0	0	2	0	0	0	5	0	0	0	0	0	0	4	0	0
cell_510	0	0	0	0	0	0	0	0	0	0	0	0	0	0	0	0
cell_454	2	0	3	0	0	0	5	0	2	0	2	0	3	0	0	0
cell_837	0	0	0	0	2	0	0	0	2	0	2	0	0	0	2	0
cell_21	0	0	0	5	0	0	0	0	3	0	0	0	0	4	0	0
cell_886	0	4	0	0	0	5	0	0	0	0	2	0	0	0	2	0
cell_503	0	0	0	0	0	2	0	0	0	0	0	0	0	0	0	0
cell_824	3	0	0	0	0	0	0	0	0	0	9	0	0	0	2	0
cell_137	0	0	0	4	0	0	0	0	0	0	0	0	0	4	0	0
cell_447	0	0	0	0	0	0	0	0	2	0	0	0	0	0	0	0
cell_8	0	0	0	0	2	0	0	0	0	0	0	0	0	4	2	0
cell_330	0	0	2	0	0	0	0	0	0	0	9	0	0	0	0	0
cell_580	0	0	2	0	0	0	0	2	0	0	0	0	0	0	2	0
cell_202	0	0	2	0	0	0	5	0	0	0	0	0	0	4	0	0
cell_20	0	0	0	0	0	2	0	0	2	0	2	0	0	4	0	0
cell_235	0	0	0	0	0	0	0	0	0	0	0	0	0	4	2	0
cell_989	0	0	0	3	0	0	0	0	0	2	0	0	2	0	0	0
cell_422	0	0	0	5	0	0	0	0	2	0	0	0	0	0	0	0
cell_260	0	0	0	0	0	0	0	5	0	0	0	0	0	0	0	4
cell_452	0	0	3	0	0	0	5	0	2	0	2	0	3	0	0	0
cell_358	0	0	2	0	0	5	0	8	0	0	9	0	0	0	0	0
cell_477	0	0	3	0	0	0	5	0	2	4	0	0	3	0	0	0
cell_741	0	5	0	0	21	0	0	2	2	0	0	0	0	0	2	3
cell_701	0	0	31	0	0	0	0	2	2	0	0	0	0	0	0	0
cell_572	2	5	0	0	2	0	0	2	0	0	0	0	0	5	0	2
cell_391	0	0	0	2	0	0	0	0	0	0	0	0	0	0	0	0
cell_174	0	0	2	0	0	0	2	0	0	0	0	0	0	4	0	0
cell_222	0	0	0	3	0	0	5	0	0	0	0	0	21	4	0	2
cell_445	0	0	0	0	0	0	0	0	2	0	0	2	0	0	0	0
cell_303	0	0	4	0	5	0	0	0	0	0	0	0	0	0	0	4
cell_159	0	0	0	0	0	0	0	5	0	0	0	0	0	4	0	0
cell_311	0	0	0	0	0	0	0	0	0	0	0	2	0	0	2	4
cell_813	2	0	3	0	0	0	0	0	0	0	0	9	0	0	2	0
cell_883	0	0	0	0	0	0	0	0	0	0	2	0	0	0	2	0
cell_723	0	2	0	0	0	0	0	2	2	2	5	0	0	0	0	0
cell_158	0	0	0	0	0	0	0	5	0	0	0	0	0	4	0	0
cell_628	0	3	0	0	0	0	2	2	0	0	0	0	0	0	3	0
cell_81	0	0	0	0	2	3	0	0	0	0	0	0	0	4	0	0
cell_15	0	0	0	12	2	0	0	0	0	0	0	0	0	4	2	0
cell_790	0	0	0	0	0	0	0	0	0	0	0	3	0	0	2	8
cell_664	0	0	0	0	0	0	0	2	2	0	0	0	0	0	0	0
cell_892	0	0	0	0	0	0	0	0	0	0	2	2	0	0	2	0
cell_809	2	0	0	0	2	0	0	0	0	0	0	0	0	0	2	0
cell_224	0	0	0	3	0	0	5	0	0	0	0	0	21	4	0	2
cell_830	0	0	0	0	0	0	0	0	0	0	9	0	0	0	2	0
cell_136	0	2	0	3	0	0	0	0	0	0	0	0	0	4	0	0
cell_885	0	4	0	0	0	5	0	0	0	0	2	0	0	0	2	0
cell_734	0	0	0	0	0	0	0	2	2	2	0	0	0	0	4	2
cell_411	0	0	0	0	0	0	0	2	0	0	0	0	0	0	0	0
cell_277	0	0	0	0	0	0	0	0	0	0	0	0	0	0	0	4
cell_491	0	0	0	0	0	0	0	0	0	0	0	0	0	0	0	0
cell_349	0	0	2	0	0	0	3	0	0	0	9	0	0	0	0	0
cell_943	0	0	0	0	0	0	0	2	0	0	0	2	0	0	0	0
cell_763	0	0	0	0	0	0	0	2	2	0	0	2	0	0	2	0
cell_948	0	0	0	0	0	0	0	27	0	0	0	0	0	0	0	0
cell_725	0	0	0	0	0	0	0	2	2	2	0	0	4	0	0	2
cell_93	0	0	0	0	2	0	0	0	0	0	0	0	0	4	2	0
cell_768	0	0	9	0	0	0	0	2	2	0	0	2	0	0	2	0
cell_843	0	0	0	0	0	2	0	0	2	49	2	0	0	0	2	0
cell_553	0	0	0	0	0	0	0	2	0	0	0	0	0	0	0	0
cell_816	2	0	3	0	0	0	0	0	0	0	0	9	0	0	2	0
cell_240	0	0	0	0	0	0	0	0	0	0	0	0	0	4	2	0
cell_219	0	0	0	3	0	0	5	0	0	0	0	0	0	4	12	2
cell_1013	0	0	0	4	0	0	2	0	0	0	0	0	0	0	2	0
cell_326	0	0	2	0	0	0	11	0	0	0	9	0	0	0	0	0
cell_576	2	5	2	0	2	0	0	2	0	0	0	0	0	0	0	2
cell_140	0	0	0	4	0	0	0	0	0	0	0	0	0	4	0	0
cell_607	0	0	0	0	0	0	0	2	0	0	0	0	0	0	0	0
cell_639	0	3	0	0	0	0	0	2	0	0	0	0	2	0	3	0
cell_710	4	0	0	0	0	0	0	2	2	0	0	0	0	0	0	0
cell_128	0	0	0	0	0	0	0	0	0	0	0	0	0	4	0	0
cell_695	0	0	0	0	0	0	0	2	2	0	0	0	0	0	0	0
cell_294	0	0	4	5	0	0	0	0	0	0	0	0	0	0	0	4
cell_682	0	0	0	0	0	0	0	2	2	0	0	0	0	0	0	0
cell_86	0	0	0	0	2	3	5	0	0	0	0	0	0	4	0	0
cell_762	0	0	0	0	0	0	0	2	2	0	0	2	0	0	2	0
cell_606	0	0	0	0	0	0	0	2	0	0	0	0	0	0	0	0
cell_451	0	0	3	0	0	0	5	0	2	0	2	0	3	0	0	0
cell_589	0	0	0	0	0	0	0	2	0	0	0	0	0	2	2	0
cell_618	0	0	0	0	0	0	0	2	0	0	0	0	0	0	3	0
cell_766	0	0	0	0	0	0	0	2	2	0	0	2	0	0	2	5
cell_890	0	0	0	0	0	0	0	0	0	0	2	2	0	0	2	0
cell_430	0	0	0	0	0	0	0	0	2	0	0	0	0	0	0	0
cell_223	0	0	0	3	0	0	5	0	0	0	0	0	21	4	0	2
cell_214	0	0	0	0	0	0	5	0	0	0	0	0	0	4	0	0
cell_213	0	0	0	0	0	0	5	0	0	0	0	0	0	4	0	0
cell_841	0	0	3	0	2	0	0	0	2	49	2	0	0	0	2	0
cell_565	2	5	0	0	0	0	0	2	0	0	0	2	0	0	0	2
cell_601	0	0	2	2	0	0	0	2	0	0	0	0	0	0	0	0
cell_156	0	0	0	0	0	0	0	5	0	0	0	0	0	4	0	0
cell_280	0	0	0	0	0	0	2	0	0	0	0	0	0	0	0	4
cell_419	0	0	0	5	0	2	0	0	2	0	0	0	0	0	0	0
cell_910	0	0	0	0	0	0	0	0	0	0	0	2	0	0	0	0
cell_268	0	0	0	2	0	0	0	0	0	0	0	0	0	0	0	4
cell_108	0	0	0	5	0	0	0	0	0	0	2	0	0	4	0	0
cell_239	0	0	0	0	0	0	0	0	0	0	0	0	0	4	2	0
cell_287	0	0	0	0	0	0	0	0	0	0	0	0	0	0	0	4
cell_464	0	0	3	0	0	0	5	0	2	0	2	0	3	0	0	0
cell_462	0	0	3	0	0	0	5	0	2	0	2	0	3	0	0	0
cell_705	4	0	0	0	0	0	3	2	2	0	0	0	0	0	0	0
cell_872	0	0	0	0	0	3	0	0	0	0	2	0	0	0	2	0
cell_905	0	0	0	0	0	0	0	0	0	0	0	2	0	0	0	0
cell_143	0	0	0	4	0	0	0	0	0	0	0	0	0	4	0	0
cell_116	0	0	0	0	0	0	0	0	0	0	0	0	0	4	0	0
cell_379	13	0	0	0	2	0	0	8	0	0	9	0	0	0	0	0
cell_562	2	5	0	0	0	0	0	2	0	0	0	0	2	0	0	2
cell_304	0	0	4	0	5	0	0	0	0	0	0	0	0	0	0	4
cell_88	0	0	0	0	2	3	0	0	0	0	0	0	0	4	0	0
cell_879	0	0	0	0	0	0	0	0	0	0	2	0	0	0	2	0
cell_39	0	0	0	0	0	0	0	0	0	0	0	0	0	4	0	0
cell_69	0	0	0	0	2	0	0	0	0	0	0	0	0	4	0	0
cell_489	0	0	0	0	0	0	0	0	0	0	0	0	0	0	0	0
cell_42	0	0	0	0	0	0	0	0	0	0	0	2	0	4	0	0
cell_65	0	0	0	0	2	5	0	0	0	0	0	0	0	4	0	0
cell_206	0	0	2	0	0	0	5	0	0	0	0	0	0	4	0	0
cell_1014	0	0	0	4	0	0	2	0	0	0	0	0	0	0	2	0
cell_545	0	0	2	0	0	0	0	2	0	0	2	0	0	0	4	0
cell_629	0	3	0	0	0	0	0	2	0	0	0	0	0	0	3	0
cell_249	0	0	0	0	0	0	0	4	0	0	0	0	0	4	0	0
cell_387	0	0	0	0	0	0	0	0	0	0	0	0	0	0	0	5
cell_300	0	0	4	0	0	0	0	0	0	0	0	0	0	0	0	4
cell_718	4	0	0	0	0	0	0	2	2	0	0	0	0	0	0	0
cell_1007	0	0	0	4	0	0	0	0	2	0	0	0	0	2	0	0
cell_144	0	0	0	4	0	0	0	0	0	0	0	0	0	4	0	0
cell_847	0	0	0	0	0	0	0	0	2	0	2	0	0	0	2	0
cell_55	0	0	0	0	0	0	0	0	0	0	0	0	0	4	0	0
cell_1019	0	0	0	4	0	0	0	0	2	0	0	0	0	0	2	0
cell_583	0	0	0	0	0	0	0	2	0	0	0	0	0	0	2	0
cell_259	0	0	0	0	0	0	0	5	0	0	0	0	0	0	0	4
cell_188	0	0	0	0	0	0	0	0	0	0	0	0	0	4	0	0
cell_853	0	0	0	0	0	0	0	5	2	0	2	0	0	0	2	0
cell_772	5	0	0	0	0	0	0	0	0	0	4	0	0	0	2	0
cell_987	0	0	0	3	0	0	0	0	0	2	0	0	0	0	0	0
cell_426	0	0	0	0	0	0	0	0	2	0	0	0	0	0	0	0
cell_308	0	0	0	0	0	0	0	0	0	0	0	2	0	0	0	4
cell_231	0	0	10	0	0	0	0	0	0	0	0	0	0	4	2	0
cell_852	5	0	0	0	0	0	0	0	2	0	2	0	2	0	2	0
cell_251	0	0	0	0	0	0	0	4	0	0	0	0	0	4	0	0
cell_614	0	0	0	0	0	0	0	2	0	0	0	0	0	0	3	0
cell_58	0	0	0	0	0	5	0	0	0	0	2	0	0	4	0	0
cell_792	0	0	0	0	0	0	0	0	0	0	0	3	0	0	2	0
cell_704	0	0	0	5	0	0	0	2	2	0	0	0	0	0	0	0
cell_484	0	0	0	0	0	0	0	5	0	0	0	0	0	0	0	0
cell_807	0	0	5	2	0	0	0	0	2	0	0	0	0	0	2	5
cell_412	0	0	0	0	0	0	0	2	0	0	0	0	0	0	0	0
cell_784	0	0	0	0	0	0	0	0	0	0	4	0	0	0	2	0
cell_854	0	0	0	0	0	0	0	5	2	0	2	0	0	0	2	0
cell_169	0	0	0	0	0	0	0	0	0	0	0	0	0	4	0	0
cell_882	0	0	0	0	0	0	0	0	0	0	2	0	0	0	2	0
cell_646	0	0	0	0	0	0	0	2	2	0	0	4	2	0	0	0
cell_877	0	0	0	0	0	0	0	0	0	0	2	0	0	0	2	0
cell_965	0	0	0	0	0	0	0	0	0	2	0	0	0	0	0	0
cell_913	0	0	0	0	0	5	0	0	0	2	0	2	0	2	0	0
cell_180	0	0	0	0	0	0	0	0	0	0	2	0	0	4	0	0
cell_16	0	0	0	12	2	0	0	0	0	0	0	0	0	4	2	0
cell_739	0	5	0	0	0	0	0	2	2	0	0	0	0	0	2	0
cell_920	5	0	0	0	0	0	0	0	0	0	0	2	0	0	0	4
cell_857	0	0	0	0	0	0	0	0	2	6	2	0	0	3	2	0
cell_756	0	0	0	0	0	0	0	2	2	3	0	0	0	0	2	0
cell_318	0	0	0	51	0	0	0	0	0	2	0	0	0	0	0	4
cell_665	0	0	0	0	0	0	0	2	2	0	0	0	0	0	0	0
cell_554	0	0	0	0	0	0	0	2	0	0	0	0	0	0	0	0
cell_354	0	0	0	0	0	5	0	8	0	0	9	0	0	0	0	0
cell_307	0	0	0	0	0	0	0	0	0	0	0	2	0	0	0	4
cell_348	0	0	2	0	0	0	3	0	0	0	9	0	0	0	0	0
cell_1006	0	0	0	4	0	0	0	0	2	0	0	0	0	2	0	0
cell_11	0	0	0	0	2	0	0	0	0	0	0	0	0	4	2	0
cell_634	0	3	0	0	0	0	0	2	0	0	4	0	2	0	3	0
cell_995	0	0	0	4	0	0	0	0	0	0	0	0	0	0	0	0
cell_957	0	0	0	0	5	0	0	0	0	0	0	0	0	0	0	0
cell_586	0	0	0	0	0	0	0	2	0	0	0	0	0	0	2	0
cell_276	0	0	0	0	0	4	0	0	0	0	0	0	0	0	0	4
cell_706	4	0	0	0	0	0	3	2	2	0	0	0	0	0	0	0
cell_82	0	0	0	0	2	3	0	0	0	0	0	0	0	4	0	0
cell_237	0	0	0	0	0	0	0	0	0	0	0	0	0	4	2	0
cell_977	0	5	0	3	0	0	0	0	0	2	0	0	0	0	0	0
cell_832	0	0	0	0	0	0	0	0	0	0	9	0	0	0	2	0
cell_325	0	0	2	0	0	0	11	0	0	0	9	0	0	0	0	0
cell_982	0	0	0	3	0	0	0	0	0	2	4	0	0	0	0	0
cell_182	0	0	0	0	0	0	0	0	0	0	2	0	0	4	0	0
cell_405	0	0	0	0	2	0	0	2	0	0	0	0	0	3	0	0
cell_310	0	0	0	0	2	0	0	0	0	0	0	2	0	0	0	4
cell_234	0	0	0	0	0	0	0	0	0	0	0	0	0	4	2	0
cell_467	0	0	3	0	0	2	5	0	2	0	0	0	3	0	0	0
cell_232	0	0	10	0	0	0	0	0	0	0	0	0	0	4	2	0
cell_945	0	0	0	0	0	0	0	27	0	0	0	3	0	0	0	0
cell_157	0	0	0	0	0	0	0	5	0	0	0	0	0	4	0	0
cell_151	0	0	0	5	0	0	0	5	0	0	2	0	0	4	0	0
cell_821	3	0	0	0	0	0	0	0	0	0	9	0	0	0	2	0
cell_557	2	0	0	0	0	0	0	2	6	0	0	0	0	0	0	0
cell_442	0	0	3	0	0	2	0	0	2	0	0	0	0	0	0	0
cell_773	5	0	0	2	0	0	0	0	0	0	4	0	0	0	2	0
cell_1003	0	0	0	4	0	0	0	0	0	0	0	0	0	2	0	0
cell_50	0	0	0	0	0	0	0	0	0	0	0	0	0	4	0	0
cell_643	0	0	0	36	0	0	0	2	2	0	0	0	0	0	0	0
cell_828	0	0	0	0	5	0	2	0	0	0	9	0	0	0	2	0
cell_747	0	0	0	0	0	0	0	2	2	0	0	0	0	0	2	0
cell_457	0	0	3	0	0	0	5	0	2	0	2	0	3	0	0	0
cell_355	0	0	0	0	0	5	0	8	0	0	9	0	0	0	0	0
cell_962	0	0	0	0	0	0	0	0	0	2	0	0	0	0	0	0
cell_698	0	0	0	0	0	0	0	2	2	0	0	0	0	0	0	0
cell_1024	0	0	0	4	0	0	0	0	2	0	0	0	0	0	2	0
cell_523	0	0	0	0	0	0	0	2	0	0	0	0	0	0	0	5
cell_22	0	0	0	5	0	0	0	0	3	0	0	0	0	4	0	0
cell_624	0	0	0	0	0	0	2	2	0	0	0	0	0	0	3	0
cell_917	0	0	0	0	0	0	0	0	0	0	0	2	0	0	0	0
cell_851	5	0	0	0	0	0	0	0	2	0	2	0	2	0	2	0
cell_366	0	0	0	0	0	0	0	8	2	0	9	0	0	2	0	0
cell_730	0	0	0	0	0	0	0	2	2	2	0	0	0	0	0	2
cell_859	0	0	0	0	0	0	0	0	2	6	2	0	0	3	2	0
cell_252	0	0	0	0	0	0	0	4	0	0	0	0	0	4	0	0
cell_711	4	0	0	0	0	0	0	2	2	0	0	0	0	0	0	0
cell_152	0	0	0	5	0	0	0	5	0	0	2	0	0	4	0	0
cell_388	0	0	0	0	0	0	0	0	0	0	0	0	0	0	0	5
cell_241	0	0	0	0	0	0	0	0	0	0	0	0	0	4	0	0
cell_377	13	0	0	0	2	0	0	8	0	0	9	0	0	0	0	0
cell_514	0	0	0	2	0	0	0	2	0	0	0	0	0	0	0	0
cell_421	0	0	0	5	0	0	0	0	2	0	0	0	0	0	0	0
cell_186	0	0	0	0	0	0	0	0	0	0	0	0	0	4	0	0
cell_721	0	2	0	0	0	0	0	2	2	2	5	0	0	0	0	0
cell_242	0	0	0	0	0	0	0	0	0	0	0	0	0	4	0	0
cell_791	0	0	0	0	0	0	0	0	0	0	0	3	0	0	2	0
cell_4	0	0	0	0	2	0	0	0	0	0	0	0	0	4	2	0
cell_667	0	0	0	0	0	0	0	2	2	0	0	0	0	0	0	0
cell_23	0	0	0	0	0	0	0	0	0	0	0	0	0	4	0	0
cell_709	4	0	0	0	0	0	0	2	2	0	0	0	0	0	0	0
cell_524	0	0	0	0	0	0	0	2	0	0	0	0	0	0	0	5
cell_649	0	0	0	0	0	3	0	2	2	0	0	0	0	2	0	0
cell_478	0	0	3	0	0	0	5	0	2	4	0	0	3	0	0	0
cell_608	0	0	0	0	0	0	0	2	0	0	0	0	0	0	0	0
cell_97	0	0	0	5	0	0	64	0	0	0	0	0	4	4	0	0
cell_56	0	0	0	0	0	0	0	0	0	0	0	0	0	4	0	0
cell_688	0	0	0	0	0	2	0	2	2	0	0	0	0	0	0	0
cell_398	0	0	0	0	0	0	0	0	0	0	0	0	0	0	0	0
cell_258	0	0	0	0	0	0	0	0	0	0	0	0	0	0	0	4
cell_67	0	0	0	0	2	0	0	0	0	0	0	0	0	4	0	0
cell_861	0	0	0	0	0	0	0	0	2	6	2	0	0	0	2	0
cell_146	0	0	0	0	0	0	0	5	4	2	0	0	0	4	0	0
cell_217	0	0	0	3	0	0	5	0	0	0	0	0	0	4	12	0
cell_177	0	0	0	0	0	0	0	0	0	0	2	0	0	4	0	0
cell_498	0	0	0	2	0	0	0	0	0	0	0	0	0	0	0	0
cell_474	0	0	3	0	0	0	5	0	2	0	0	0	3	0	0	0
cell_822	3	0	0	0	0	0	0	0	0	0	9	0	0	0	2	0
cell_558	2	0	0	0	0	0	0	2	6	0	0	0	0	0	0	0
cell_345	0	0	2	0	0	0	3	0	0	0	9	0	0	2	0	0
cell_532	0	0	0	0	0	0	0	2	2	0	0	0	0	0	0	0
cell_760	0	0	0	0	0	0	0	2	2	3	0	0	0	0	2	3
cell_460	0	0	3	0	0	0	5	0	2	0	2	0	3	0	0	0
cell_743	0	5	0	0	21	0	0	2	2	0	0	0	0	0	2	0
cell_815	2	0	3	0	0	0	0	0	0	0	0	9	0	0	2	0
cell_547	0	0	0	0	0	0	0	2	0	0	2	0	0	0	4	0
cell_117	0	0	0	0	0	0	0	0	0	0	0	0	0	4	0	0
cell_840	5	0	0	0	2	0	0	0	2	0	2	0	0	0	2	0
cell_901	0	0	0	0	0	0	0	3	0	0	0	2	0	0	2	0
cell_577	0	0	0	0	0	0	0	2	0	0	0	0	0	13	2	0
cell_960	0	0	0	0	5	0	0	0	0	0	0	0	0	0	0	0
cell_755	0	0	0	0	0	0	0	2	2	3	0	0	0	0	2	0
cell_669	0	0	0	0	0	0	0	2	2	0	0	0	0	0	0	0
cell_812	2	0	0	0	0	0	0	0	0	0	0	0	0	0	2	0
cell_30	0	0	0	0	0	0	0	0	0	0	0	0	3	4	0	0
cell_54	0	0	0	0	0	2	0	0	0	0	0	0	5	4	0	0
cell_677	0	0	0	0	0	0	0	2	2	0	0	0	0	0	0	4
cell_1017	0	0	0	4	0	0	0	0	2	0	0	0	0	0	2	0
cell_122	5	0	0	0	0	0	0	0	0	0	0	0	0	4	0	0
cell_87	0	0	0	0	2	3	0	0	0	0	0	0	0	4	0	0
cell_520	0	0	0	0	0	0	0	2	0	0	0	0	0	0	0	0
cell_134	0	2	0	3	0	0	15	0	0	0	0	0	0	4	0	0
cell_19	0	0	0	0	0	2	0	0	2	0	2	0	0	4	0	0
cell_684	0	0	0	0	0	0	0	2	2	0	0	0	0	0	0	0
cell_849	0	0	0	0	0	0	0	0	2	0	2	0	2	0	2	0
cell_269	0	0	0	2	0	0	0	0	0	0	0	0	0	0	0	4
cell_921	0	0	0	0	0	0	0	0	0	0	0	2	0	0	0	0
cell_826	0	0	0	0	5	0	2	0	0	0	9	0	0	0	2	0
cell_179	0	0	0	0	0	0	0	0	0	0	2	0	0	4	0	0
cell_481	0	0	0	0	0	0	0	0	0	0	0	0	0	0	0	0
cell_899	0	2	0	0	0	5	0	3	0	0	0	2	0	0	0	0
cell_285	0	0	0	0	0	2	0	0	0	0	0	0	0	0	0	4
cell_918	0	0	0	0	0	0	0	0	0	0	0	2	0	0	0	0
cell_500	0	0	0	2	0	0	0	0	0	0	0	0	0	0	0	0
cell_112	0	0	0	5	0	0	0	0	0	0	0	0	0	4	0	0
cell_986	0	0	0	3	0	0	0	0	0	2	0	0	2	0	0	0
cell_870	0	0	0	0	0	0	0	0	2	0	2	0	0	0	2	0
cell_9	0	0	0	0	2	0	0	2	0	0	0	0	0	4	2	0
cell_1005	0	0	0	4	0	0	0	0	2	0	0	0	0	2	0	0
cell_914	0	0	0	0	0	5	0	0	0	2	0	2	0	2	0	0
cell_485	0	0	0	0	0	0	0	0	0	0	0	0	0	0	0	0
cell_416	0	0	0	0	0	0	0	2	0	0	0	0	0	0	0	0
cell_727	0	0	0	0	0	0	0	2	2	2	0	0	0	0	0	0
cell_410	0	0	0	0	0	0	0	2	0	0	0	5	0	0	0	0
cell_681	0	0	0	0	0	0	0	2	2	0	0	0	0	0	0	0
cell_208	11	0	2	0	0	0	5	0	0	0	0	0	0	4	0	0
cell_797	0	0	0	0	0	0	0	0	0	0	0	2	2	2	2	0
cell_814	2	0	3	0	0	0	0	0	0	0	0	9	0	0	2	0
cell_731	0	0	0	0	0	0	0	2	2	2	0	0	0	0	0	2
cell_654	0	0	0	0	0	0	0	2	2	0	0	0	0	2	3	0
cell_616	0	0	0	0	0	0	0	2	0	3	0	0	0	0	3	0
cell_856	0	0	0	0	0	0	0	0	2	0	2	0	0	0	2	0
cell_458	0	0	3	0	0	0	5	0	2	0	2	0	3	0	0	0
cell_70	0	0	0	0	2	0	0	0	0	0	0	0	0	4	0	0
cell_795	0	0	0	28	0	0	0	0	0	0	0	0	2	0	2	0
cell_120	0	0	0	0	0	0	0	0	0	0	0	0	0	4	0	0
cell_602	0	0	2	2	0	0	0	2	0	0	0	0	0	0	0	0
cell_142	0	0	0	4	0	0	0	0	0	0	0	0	0	4	0	0
cell_934	0	0	0	0	0	0	0	0	0	0	0	0	0	0	0	0
cell_24	0	0	0	0	0	0	0	0	0	0	0	0	0	4	0	0
cell_842	0	0	3	0	2	0	0	0	2	49	2	0	0	0	2	0
cell_265	5	0	0	2	0	0	0	0	0	0	0	0	0	0	0	4
cell_637	0	3	10	2	0	0	0	2	0	0	0	0	2	0	3	0
cell_759	0	0	0	0	0	0	0	2	2	3	0	0	0	0	2	3
cell_63	0	0	0	0	0	5	0	0	0	0	2	0	0	4	0	0
cell_874	0	0	0	0	0	0	0	0	0	0	2	0	0	0	2	0
cell_599	0	0	0	0	0	0	0	2	0	0	0	0	0	0	0	2
cell_777	0	0	0	0	0	0	0	0	0	0	4	0	0	0	2	2
cell_630	0	3	0	0	0	0	0	2	0	0	0	0	0	0	3	0
cell_27	0	0	0	0	0	0	0	0	0	0	5	0	3	4	0	0
cell_991	0	0	0	3	0	0	0	0	0	2	0	0	2	0	0	0
cell_530	0	0	0	0	0	0	0	2	2	0	0	0	0	0	0	0
cell_689	0	0	0	5	0	0	0	2	2	0	0	0	0	0	0	0
cell_73	0	0	0	0	2	0	0	0	0	0	0	2	0	4	0	0
cell_596	0	0	0	0	0	0	0	2	0	0	0	0	0	0	0	2
cell_1011	0	0	0	4	0	0	2	51	0	0	0	0	0	0	2	0
cell_613	0	0	0	0	0	0	0	2	0	0	0	0	0	0	3	0
cell_153	0	0	0	0	0	0	0	5	0	0	0	0	3	4	0	0
cell_130	0	2	0	3	0	0	0	0	0	0	0	0	0	4	0	0
cell_293	0	0	4	5	0	0	0	0	0	0	0	0	0	0	0	4
cell_344	0	0	2	0	0	2	0	0	0	0	9	0	0	0	0	0
cell_967	0	0	0	0	0	0	0	0	0	2	0	0	0	0	0	0
cell_365	0	0	0	0	0	0	0	8	2	0	9	0	0	2	0	0
cell_983	0	0	0	3	0	0	0	0	0	2	0	0	0	0	0	0
cell_976	0	0	0	0	0	0	5	0	0	2	21	0	0	0	0	0
cell_439	0	0	0	0	0	0	0	0	2	5	2	0	0	0	0	0
cell_369	13	0	0	0	0	5	0	8	0	0	9	0	0	0	0	0
cell_98	0	0	0	5	0	0	64	0	0	0	0	0	4	4	0	0
cell_364	0	0	0	0	2	0	0	8	0	0	9	0	0	2	0	0
cell_785	0	0	0	0	0	0	0	0	0	0	0	0	0	0	2	0
cell_359	0	0	2	0	0	5	0	8	0	0	9	0	0	0	0	0
cell_560	2	0	0	0	0	0	0	2	6	0	0	0	0	0	0	0
cell_53	0	0	0	0	0	2	0	0	0	0	0	0	5	4	0	0
cell_43	0	0	0	0	0	0	0	0	0	0	0	0	0	4	0	0
cell_729	0	0	0	0	0	0	0	2	2	2	0	0	0	0	0	2
cell_1008	0	0	0	4	0	0	0	0	2	0	0	0	0	2	0	0
cell_305	0	0	0	0	0	0	0	0	0	0	0	2	0	0	0	4
cell_703	0	0	0	5	0	0	0	2	2	0	0	0	0	0	0	0
cell_896	0	0	0	0	0	0	0	0	0	0	2	0	0	0	2	0
cell_221	0	0	0	3	0	0	5	0	0	0	0	0	21	4	0	2
cell_881	0	0	0	0	0	0	0	0	0	0	2	0	0	0	2	0
cell_592	0	0	0	0	0	0	5	2	0	0	0	0	0	2	2	0
cell_109	0	0	0	5	0	0	0	0	0	0	0	0	0	4	0	0
cell_90	0	0	0	0	2	0	0	0	0	0	0	0	0	4	2	0
cell_453	2	0	3	0	0	0	5	0	2	0	2	0	3	0	0	0
cell_272	0	0	0	2	0	0	0	5	0	0	0	0	0	0	0	4
cell_922	0	0	0	0	0	0	0	0	0	0	0	2	0	0	0	0
cell_99	0	0	0	0	0	0	64	0	0	0	0	0	0	4	0	2
cell_1000	0	0	0	4	0	0	0	0	0	0	0	3	0	0	0	0
cell_189	0	0	0	0	0	0	0	0	0	0	0	0	0	4	0	0
cell_106	0	0	0	5	0	0	0	0	0	0	0	0	0	4	0	0
cell_37	2	0	0	0	0	0	0	0	0	0	0	0	0	4	2	11
cell_346	0	0	2	0	0	0	3	0	0	0	9	0	0	2	0	0
cell_7	0	0	0	0	2	0	0	0	0	0	0	0	0	4	2	0
cell_220	0	0	0	3	0	0	5	0	0	0	0	0	0	4	12	2
cell_528	0	0	0	0	0	0	2	2	5	0	0	0	0	0	0	5
cell_49	0	0	0	0	0	0	0	0	0	0	0	0	0	4	0	0
cell_493	0	0	0	0	0	0	0	0	0	0	0	5	0	0	0	0
cell_929	0	0	0	0	0	0	0	0	0	0	0	0	0	0	0	0
cell_740	0	5	0	0	0	0	0	2	2	0	0	0	0	0	2	0
cell_473	0	0	3	0	0	0	5	0	2	0	0	0	3	0	0	0
cell_699	0	0	0	0	0	0	0	2	2	0	0	0	0	2	0	0
cell_215	0	0	0	0	0	0	5	0	0	0	0	0	0	4	0	0
cell_794	0	0	0	0	0	0	0	0	0	0	0	0	2	0	2	0
cell_833	0	5	0	0	0	0	0	0	2	0	2	0	0	0	2	0
cell_107	0	0	0	5	0	0	0	0	0	0	2	0	0	4	0	0
cell_975	0	0	0	0	0	0	5	0	0	2	21	0	0	0	0	0
cell_256	0	0	0	0	0	0	0	0	0	0	0	0	0	4	0	0
cell_923	0	0	0	0	0	0	0	0	0	0	0	2	0	0	0	0
cell_407	0	0	0	0	2	0	0	2	0	0	0	0	0	3	0	0
cell_834	0	5	0	0	0	0	0	0	2	0	2	0	0	0	2	0
cell_184	0	0	0	0	0	0	0	0	0	0	2	0	0	4	0	0
cell_339	0	0	2	0	0	0	0	0	0	0	9	0	0	0	0	0
cell_126	0	0	0	0	0	0	0	0	0	0	0	0	0	4	0	0
cell_440	0	0	0	0	0	0	0	0	2	5	2	0	0	0	0	0
cell_541	0	0	0	0	0	0	0	2	6	0	2	0	0	0	0	0
cell_370	13	0	0	0	0	5	0	8	0	0	9	0	0	0	0	0
cell_691	0	0	0	0	0	0	0	2	2	0	0	0	0	0	0	0
cell_984	0	0	0	3	0	0	0	0	0	2	0	0	0	0	0	0
cell_470	0	0	3	0	0	0	5	0	2	0	0	0	3	0	0	0
cell_527	0	0	0	0	0	0	2	2	5	0	0	0	0	0	0	5
cell_715	4	0	0	0	0	0	0	2	2	0	0	0	0	0	0	0
cell_526	0	0	0	0	0	0	0	2	5	0	0	0	0	0	0	5
cell_680	0	0	0	0	0	0	0	2	2	0	0	0	0	0	0	4
cell_817	0	0	0	0	0	0	0	0	0	0	9	0	0	0	2	0
cell_757	0	0	0	0	0	0	0	2	2	3	0	0	0	0	2	0
cell_353	0	0	0	0	0	5	0	8	0	0	9	0	0	0	0	0
cell_148	0	0	0	0	0	0	0	5	4	2	0	0	0	4	0	0
cell_409	0	0	0	0	0	0	0	2	0	0	0	5	0	0	0	0
cell_674	0	0	0	0	0	0	0	2	2	0	0	0	0	0	0	0
cell_579	0	0	2	0	0	0	0	2	0	0	0	0	0	0	2	0
cell_838	0	0	0	0	2	0	0	0	2	0	2	0	0	0	2	0
cell_418	0	0	0	5	0	2	0	0	2	0	0	0	0	0	0	0
cell_994	0	0	0	4	0	0	0	0	0	0	0	0	0	0	0	0
cell_972	0	0	0	0	0	0	0	0	0	2	0	0	0	0	0	0
cell_68	0	0	0	0	2	0	0	0	0	0	0	0	0	4	0	0
cell_1001	0	0	0	4	0	0	0	0	0	0	0	0	0	2	0	0
cell_745	0	0	0	0	0	0	0	2	2	0	0	0	0	0	2	0
cell_1021	0	0	0	4	0	0	0	0	2	0	0	0	0	0	2	0
cell_819	0	0	0	0	0	0	0	0	0	0	9	0	0	0	2	0
cell_513	0	0	0	2	0	0	0	2	0	0	0	0	0	0	0	0
cell_655	0	0	0	0	0	0	0	2	2	0	0	0	0	2	0	0
cell_633	0	3	0	0	0	0	0	2	0	0	4	0	2	0	3	0
cell_537	0	0	0	0	0	0	0	2	6	0	0	0	0	0	0	0
cell_371	13	0	0	0	0	5	0	8	0	0	9	0	0	0	0	0
cell_919	5	0	0	0	0	0	0	0	0	0	0	2	0	0	0	4
cell_362	0	0	0	0	2	0	0	8	0	19	9	0	0	2	0	0
cell_66	0	0	0	0	2	5	0	0	0	0	0	0	0	4	0	0
cell_171	0	0	0	2	0	0	0	0	0	0	0	0	0	4	0	0
cell_871	0	0	0	0	0	3	0	0	0	0	2	0	0	0	2	0
cell_942	0	0	0	3	0	0	0	2	0	0	0	0	0	0	0	0
cell_132	0	2	0	3	0	0	0	0	0	0	0	0	0	4	0	0
cell_273	0	0	0	0	0	4	0	0	0	0	0	0	0	0	0	4
cell_672	0	0	0	0	0	0	0	2	2	0	0	0	0	0	0	0
cell_804	0	0	5	2	0	0	0	0	2	0	0	0	0	0	2	0
cell_205	0	0	2	0	0	0	5	0	0	0	0	0	0	4	0	0
cell_172	0	0	0	2	0	0	0	0	0	0	0	0	0	4	0	0
cell_243	0	0	0	0	0	0	0	0	0	0	0	0	0	4	0	0
cell_542	0	0	0	0	0	0	0	2	6	0	2	0	0	0	0	0
cell_62	0	0	0	0	0	5	0	0	0	0	2	0	0	4	0	0
cell_228	0	0	0	0	36	0	0	0	0	0	0	0	0	4	2	0
cell_103	0	0	0	0	0	0	64	0	0	0	0	0	0	4	0	0
cell_776	5	0	0	0	0	4	0	0	0	0	4	0	0	0	2	0
cell_367	0	0	0	0	0	0	0	8	0	0	9	0	0	2	0	0
cell_1002	0	0	0	4	0	0	0	0	0	0	0	0	0	2	0	0
cell_880	0	0	0	0	0	0	0	0	0	0	2	0	0	0	2	0
cell_13	0	0	0	0	2	0	0	0	0	0	0	0	0	4	2	0
cell_170	0	0	0	0	0	0	0	0	0	0	0	0	0	4	0	0
cell_504	0	0	0	0	0	2	0	0	0	0	0	0	0	0	0	0
cell_375	13	0	0	0	0	0	0	8	0	0	9	0	0	0	0	0
cell_497	0	0	0	2	0	0	0	0	0	0	0	0	0	0	0	0
cell_466	0	0	3	0	0	2	5	0	2	0	0	0	3	0	0	0
cell_656	0	0	0	0	0	0	0	2	2	0	0	0	0	2	0	0
cell_707	4	0	0	0	0	0	3	2	2	0	0	0	0	0	0	0
cell_57	0	0	0	0	0	5	0	0	0	0	2	0	0	4	0	0
cell_471	0	0	3	0	0	0	5	0	2	0	0	0	3	0	0	0
cell_1018	0	0	0	4	0	0	0	0	2	0	0	0	0	0	2	0
cell_575	2	5	2	0	2	0	0	2	0	0	0	0	0	0	0	2
cell_663	0	0	0	0	0	0	0	2	2	0	0	0	0	0	0	0
cell_1	0	0	0	0	2	0	0	0	0	0	0	0	0	4	2	0
cell_903	0	0	3	0	0	0	0	3	0	0	0	2	0	0	0	0
cell_803	0	0	5	2	0	0	0	0	2	0	0	0	0	0	2	0
cell_737	0	5	0	0	0	0	0	2	2	0	0	0	0	0	2	0
cell_284	0	0	0	0	0	0	0	0	0	0	0	0	0	0	0	4
cell_161	0	0	0	2	0	0	0	0	0	0	0	0	0	4	0	0
cell_465	0	0	3	0	0	2	5	0	2	0	0	0	3	0	0	0
cell_820	0	0	0	0	0	0	0	0	0	0	9	0	0	0	2	0
cell_732	0	0	0	0	0	0	0	2	2	2	0	0	0	0	0	2
cell_226	0	0	0	0	0	0	0	0	0	0	0	0	0	4	2	0
cell_425	0	0	0	0	0	0	0	0	2	0	0	0	0	0	0	0
cell_660	0	0	0	0	0	0	2	2	2	0	0	0	0	0	0	0
cell_548	0	0	0	0	0	0	0	2	0	0	2	0	0	0	4	0
cell_298	0	0	4	0	0	0	0	0	0	0	0	0	0	0	0	4
cell_119	0	0	0	0	0	0	0	0	0	0	0	0	0	4	0	0
cell_162	0	0	0	2	0	0	0	0	0	0	0	0	0	4	0	0
cell_648	0	0	0	0	0	0	0	2	2	0	0	0	0	0	0	0
cell_496	0	0	0	0	0	0	0	0	0	0	0	0	0	0	0	0
cell_556	0	0	0	0	0	0	0	2	0	0	0	0	0	0	0	0
cell_835	0	0	0	0	0	0	0	0	2	0	2	0	0	0	2	0
cell_368	0	0	0	0	0	0	0	8	0	0	9	0	0	2	0	0
cell_909	0	0	0	0	0	0	0	0	0	0	0	2	0	0	0	0
cell_264	0	0	0	0	0	0	0	0	0	0	0	0	0	0	0	4
cell_361	0	0	0	0	2	0	0	8	0	19	9	0	0	2	0	0
cell_472	0	0	3	0	0	0	5	0	2	0	0	0	3	0	0	0
cell_925	0	0	2	0	0	0	0	0	0	0	0	2	0	2	2	0
cell_744	0	5	0	0	21	0	0	2	2	0	0	0	0	0	2	0
cell_891	0	0	0	0	0	0	0	0	0	0	2	2	0	0	2	0
cell_717	4	0	0	0	0	0	0	2	2	0	0	0	0	0	0	0
cell_641	0	0	0	0	0	0	0	2	2	0	0	0	0	0	0	8
cell_593	0	0	0	0	0	0	0	2	0	0	0	0	0	0	0	2
cell_670	0	0	0	0	0	0	0	2	2	0	0	0	0	0	0	0
cell_846	0	0	0	0	0	0	0	0	2	0	2	0	0	0	2	0
cell_798	0	0	0	0	0	0	0	0	0	0	0	2	2	2	2	0
cell_216	0	0	0	0	0	0	5	0	0	0	0	0	0	4	0	0
cell_950	0	0	0	0	0	0	0	27	0	0	0	0	0	0	0	0
cell_676	0	0	0	2	0	0	0	2	2	0	0	0	0	0	0	0
cell_64	0	0	0	0	0	5	0	0	0	0	2	0	0	4	0	0
cell_959	0	0	0	0	5	0	0	0	0	0	0	0	0	0	0	0
cell_893	0	0	0	0	0	0	0	0	0	0	2	0	0	0	2	0
cell_486	0	0	0	0	0	0	0	0	0	0	0	0	0	0	0	0
cell_113	0	0	0	0	0	0	0	0	0	0	0	0	0	4	0	0
cell_413	0	0	0	0	0	0	0	2	0	0	0	0	0	0	0	0
cell_334	0	0	2	0	0	0	0	0	0	0	9	0	0	0	0	8
cell_712	4	0	0	0	0	0	0	2	2	0	0	0	0	0	0	0
cell_938	2	0	0	0	0	0	0	0	0	0	0	0	0	0	0	0
cell_105	0	0	0	5	0	0	0	0	0	0	0	0	0	4	0	0
cell_888	0	0	0	0	0	0	0	0	9	0	2	2	4	0	2	0
cell_546	0	0	2	0	0	0	0	2	0	0	2	0	0	0	4	0
cell_111	0	0	0	5	0	0	0	0	0	0	0	0	0	4	0	0
cell_534	0	0	5	0	0	0	0	2	2	0	0	0	0	0	0	0
cell_48	0	0	0	0	0	0	0	0	0	0	0	0	0	4	0	0
cell_848	0	0	0	0	0	0	0	0	2	0	2	0	0	0	2	0
cell_916	0	0	0	0	0	0	0	0	0	0	0	2	0	0	0	0
cell_245	0	0	0	0	0	0	0	0	2	0	0	0	0	4	0	0
cell_935	0	0	0	0	0	0	0	0	0	0	4	0	0	0	0	0
cell_508	0	0	0	0	10	0	0	0	0	0	0	0	0	0	0	0
cell_551	0	0	0	5	0	0	0	2	0	0	2	0	0	0	4	0
cell_229	0	0	5	0	0	0	0	0	5	0	4	0	0	4	2	0
cell_281	0	0	0	0	0	0	0	0	0	0	0	0	0	0	0	4
cell_969	0	5	0	0	0	0	0	0	0	2	0	0	0	0	0	0
cell_895	0	0	0	0	0	0	0	0	0	0	2	0	0	0	2	0
cell_651	0	0	0	0	0	0	0	2	2	0	0	0	0	2	0	0
cell_403	0	0	0	0	0	0	0	2	0	0	0	0	0	3	0	0
cell_384	13	0	0	0	0	0	0	8	0	0	9	0	0	0	0	0
cell_518	0	0	0	0	0	0	0	2	0	0	0	0	0	0	0	0
cell_494	0	0	0	0	0	0	0	0	0	0	0	5	0	0	0	0
cell_218	0	0	0	3	0	0	5	0	0	0	0	0	0	4	12	0
cell_45	0	0	0	0	0	0	0	0	0	0	0	0	0	4	0	0
cell_92	0	0	0	0	2	0	0	0	0	0	0	0	0	4	0	0
cell_302	0	0	4	0	5	0	0	0	0	0	5	0	0	0	0	4
cell_584	0	0	0	0	0	0	0	2	0	0	0	0	0	0	2	0
cell_257	0	0	0	0	0	0	0	0	0	0	0	0	0	0	0	4
cell_316	0	0	0	0	0	0	0	0	0	2	0	0	0	2	0	4
cell_373	13	0	0	0	0	0	0	8	0	0	9	0	0	0	0	0
cell_12	0	0	0	0	2	0	0	0	0	0	0	0	0	4	2	0
cell_47	0	0	0	0	0	0	0	0	0	0	0	0	0	4	0	0
cell_997	0	0	0	4	0	0	0	0	2	0	0	0	0	0	0	0
cell_569	2	5	0	0	2	0	0	2	0	5	0	0	0	5	0	2
cell_951	0	0	0	0	0	0	0	27	0	0	0	0	0	0	0	0
cell_71	0	0	0	0	2	0	0	0	0	0	0	0	0	4	0	0
cell_733	0	0	0	0	0	0	0	2	2	2	0	0	0	0	4	2
cell_417	0	0	0	5	0	2	0	0	2	0	0	0	0	0	0	0
cell_515	0	0	0	2	0	0	0	2	0	0	0	0	0	0	0	0
cell_742	0	5	0	0	21	0	0	2	2	0	0	0	0	0	2	3
cell_104	0	0	0	0	0	0	64	0	0	0	0	0	0	4	0	0
cell_829	0	0	0	0	0	0	0	0	0	0	9	0	0	0	2	0
cell_657	0	0	0	0	0	0	0	2	2	0	0	0	0	0	0	0
cell_623	0	0	0	0	0	0	2	2	0	0	0	0	0	0	3	0
cell_694	0	0	0	0	0	0	0	2	2	0	0	0	0	0	0	0
cell_291	0	0	4	11	0	0	0	0	0	0	0	0	0	0	0	4
cell_198	0	0	2	0	0	0	5	0	0	0	0	0	0	4	0	0
cell_176	0	13	0	0	0	0	2	0	0	2	0	0	0	4	0	0
cell_811	2	0	0	0	0	0	0	0	0	0	0	0	0	0	2	0
cell_750	0	0	0	0	0	0	0	2	2	0	0	0	0	0	2	24
cell_702	0	0	31	0	0	0	0	2	2	0	0	0	0	0	0	0
cell_427	0	0	0	0	0	0	0	0	2	0	0	0	0	0	0	0
cell_191	0	0	0	0	0	0	0	0	0	0	0	0	0	4	0	0
cell_761	0	0	0	0	0	0	0	2	2	0	0	2	0	0	2	0
cell_200	0	0	2	0	0	0	5	0	0	0	0	0	0	4	0	0
cell_875	0	0	0	0	0	0	0	0	0	0	2	0	0	0	2	0
cell_18	0	0	0	0	0	2	0	0	2	0	0	0	0	4	0	0
cell_341	0	0	2	0	0	2	0	0	0	0	9	0	0	0	0	3
cell_357	0	0	2	0	0	5	0	8	0	0	9	0	0	0	0	0
cell_402	0	0	0	0	0	0	0	2	0	0	0	0	0	3	0	0
cell_26	0	0	0	0	0	0	0	0	0	0	5	0	3	4	0	0
cell_863	0	0	0	0	0	0	5	0	2	6	2	0	0	0	2	0
cell_340	0	0	2	0	0	0	0	0	0	0	9	0	0	0	0	0
cell_864	0	0	0	0	0	0	5	0	2	6	2	0	0	0	2	0
cell_836	0	0	0	0	0	0	0	0	2	0	2	0	0	0	2	0
cell_385	82	0	0	0	0	0	0	0	0	0	0	0	0	0	0	0
cell_212	0	0	0	0	0	0	5	0	0	0	0	0	0	4	0	0
cell_381	13	0	0	0	0	0	0	8	0	0	9	0	0	0	0	0
cell_555	0	0	0	0	0	0	0	2	0	0	0	0	0	0	0	0
cell_210	0	0	0	0	0	2	5	0	0	0	0	0	5	4	0	0
cell_438	0	0	0	0	0	0	0	0	2	0	2	0	0	0	0	0
cell_946	0	0	0	0	0	0	0	27	0	0	0	3	0	0	0	0
cell_590	0	0	0	0	0	0	0	2	0	0	0	0	0	2	2	0
cell_84	0	0	0	0	2	3	0	0	0	0	0	0	0	4	0	0
cell_686	0	0	0	0	0	2	0	2	2	0	0	0	0	0	0	0
cell_501	0	0	0	0	0	2	0	0	0	0	0	0	0	0	0	0
cell_61	0	0	0	0	0	5	0	0	0	0	2	0	0	4	0	0
cell_827	0	0	0	0	5	0	2	0	0	0	9	0	0	0	2	0
cell_155	0	0	0	0	0	0	0	5	0	0	0	0	0	4	0	0
cell_687	0	0	0	0	0	2	0	2	2	0	0	0	0	0	0	0
cell_267	0	0	0	2	0	0	0	0	0	0	0	0	0	0	0	4
cell_38	2	0	0	0	0	0	0	0	0	0	0	0	0	4	2	11
cell_533	0	0	5	0	0	0	0	2	2	0	0	0	0	0	0	0
cell_309	0	0	0	0	2	0	0	0	0	0	0	2	0	0	0	4
cell_459	0	0	3	0	0	0	5	0	2	0	2	0	3	0	0	0
cell_808	0	0	5	2	0	0	0	0	2	0	0	0	0	0	2	5
cell_374	13	0	0	0	0	0	0	8	0	0	9	0	0	0	0	0
cell_290	0	0	4	0	0	0	0	0	0	0	0	0	0	0	0	4
cell_716	4	0	0	0	0	0	0	2	2	0	0	0	0	0	0	0
cell_331	0	0	2	0	0	0	0	0	0	0	9	0	0	0	0	0
cell_408	0	0	0	0	2	0	0	2	0	0	0	0	0	3	0	0
cell_333	0	0	2	0	0	0	0	0	0	0	9	0	0	0	0	8
cell_6	0	0	0	0	2	0	0	0	0	0	0	0	0	4	2	0
cell_5	0	0	0	0	2	0	0	0	0	0	0	0	0	4	2	0
cell_271	0	0	0	2	0	0	0	5	0	0	0	0	0	0	0	4
cell_774	5	0	0	2	0	0	0	0	0	0	4	0	0	0	2	0
cell_468	0	0	3	0	0	2	5	0	2	0	0	0	3	0	0	0
cell_801	0	0	5	2	0	0	0	0	2	0	0	0	0	0	2	0
cell_482	0	0	0	0	0	0	0	0	0	0	0	0	0	0	0	0
cell_522	0	0	0	0	0	0	0	2	0	0	0	0	0	0	0	5
cell_295	0	0	4	5	0	0	0	0	0	0	0	0	0	0	0	4
cell_944	0	0	0	0	0	0	0	2	0	0	0	2	0	0	0	0
cell_726	0	0	0	0	0	0	0	2	2	2	0	0	4	0	0	2
cell_78	0	0	0	0	2	0	0	0	0	0	0	0	0	4	0	0
cell_578	0	0	0	0	0	0	0	2	0	0	0	0	0	13	2	0
cell_352	0	0	2	0	0	0	3	0	0	0	9	0	0	0	0	0
cell_540	0	0	0	0	0	0	0	2	6	0	0	9	0	0	0	0
cell_238	0	0	0	0	0	0	0	0	0	0	0	0	0	4	2	0
cell_59	0	0	0	0	0	5	0	0	0	0	2	0	0	4	0	0
cell_131	0	2	0	3	0	0	0	0	0	0	0	0	0	4	0	0
cell_902	0	0	0	0	0	0	0	3	0	0	0	2	0	0	2	0
cell_133	0	2	0	3	0	0	15	0	0	0	0	0	0	4	0	0
cell_60	0	0	0	0	0	5	0	0	0	0	2	0	0	4	0	0
cell_600	0	0	0	0	0	0	0	2	0	0	0	0	0	0	0	2
cell_748	0	0	0	0	0	0	0	2	2	0	0	0	0	0	2	0
cell_653	0	0	0	0	0	0	0	2	2	0	0	0	0	2	3	0
cell_559	2	0	0	0	0	0	0	2	6	0	0	0	0	0	0	0
cell_292	0	0	4	11	0	0	0	0	0	0	0	0	0	0	0	4
cell_825	0	0	0	0	5	0	2	0	0	0	9	0	0	0	2	0
cell_476	0	0	3	0	0	0	5	2	2	0	0	0	3	0	0	0
cell_873	0	0	0	0	0	0	0	0	0	0	2	0	0	0	2	0
cell_322	0	0	2	0	0	0	11	0	0	0	9	0	0	0	0	0
cell_746	0	0	0	0	0	0	0	2	2	0	0	0	0	0	2	0
cell_638	0	3	10	2	0	0	0	2	0	0	0	0	2	0	3	0
cell_805	0	0	5	2	0	0	0	0	2	0	0	0	0	0	2	5
cell_999	0	0	0	4	0	0	0	0	0	0	0	3	0	0	0	0
cell_640	0	3	0	0	0	0	0	2	0	0	0	0	2	0	3	0
cell_401	0	0	0	0	0	0	0	2	0	0	0	0	0	3	0	0
cell_160	0	0	0	0	0	0	0	5	0	0	0	0	0	4	0	0
cell_867	0	0	0	0	0	2	0	0	0	0	2	0	0	0	2	0
cell_448	0	0	0	0	0	0	0	0	2	0	0	0	0	0	0	0
cell_900	0	2	0	0	0	5	0	3	0	0	0	2	0	0	0	0
cell_519	0	0	0	0	0	0	0	2	0	0	0	0	0	0	0	0
cell_538	0	0	0	0	0	0	0	2	6	0	0	0	0	0	0	0
cell_912	0	0	0	0	0	0	0	2	0	0	0	2	0	0	0	0
cell_386	82	0	0	0	0	0	0	0	0	0	0	0	0	0	0	0
cell_246	0	0	0	0	0	0	0	0	2	0	0	0	0	4	0	0
cell_570	2	5	0	0	2	0	0	2	0	5	0	0	0	5	0	2
cell_678	0	0	0	0	0	0	0	2	2	0	0	0	0	0	0	4
cell_461	0	0	3	0	0	0	5	0	2	0	2	0	3	0	0	0
cell_301	0	0	4	0	5	0	0	0	0	0	5	0	0	0	0	4
cell_79	0	0	0	0	2	0	0	0	0	0	0	0	0	4	0	0
cell_390	0	5	0	2	0	0	0	0	0	0	0	0	0	0	0	0
cell_195	0	0	2	0	0	0	5	0	0	2	0	0	0	4	0	0
cell_406	0	0	0	0	2	0	0	2	0	0	0	0	0	3	0	0
cell_1016	0	0	0	4	0	0	2	0	0	0	0	0	0	0	2	0
cell_550	0	0	0	5	0	0	0	2	0	0	2	0	0	0	4	0
cell_771	5	0	0	0	0	0	0	0	0	0	4	0	0	0	2	0
cell_973	0	0	0	0	0	0	5	0	0	2	21	0	0	0	0	0
cell_320	0	0	0	0	0	0	0	0	0	2	0	0	0	0	0	4
cell_306	0	0	0	0	0	0	0	0	0	0	0	2	0	0	0	4
cell_129	0	2	0	3	0	0	0	0	0	0	0	0	0	4	0	0
cell_781	0	0	0	0	0	0	8	0	0	57	4	0	0	2	2	0
cell_800	0	0	0	0	0	0	0	0	0	0	0	0	2	2	2	0
cell_831	0	0	0	0	0	0	0	0	0	0	9	0	0	0	2	0
cell_254	0	0	0	0	0	0	0	0	0	0	0	0	0	4	0	0
cell_751	0	0	0	0	0	0	0	2	2	0	0	0	0	0	2	0
cell_480	0	0	3	0	0	0	5	0	2	0	0	0	3	0	0	0
cell_166	0	0	0	0	0	0	2	0	0	0	2	0	0	4	0	0
cell_1012	0	0	0	4	0	0	2	51	0	0	0	0	0	0	2	0
cell_793	0	0	0	0	0	0	0	0	0	0	0	0	2	0	2	0
cell_615	0	0	0	0	0	0	0	2	0	3	0	0	0	0	3	0
cell_255	0	0	0	0	0	0	0	0	0	0	0	0	0	4	0	0
cell_621	0	0	0	0	0	0	0	2	0	0	0	0	0	0	3	0
cell_992	0	0	0	3	0	0	0	0	0	2	0	0	2	0	0	0
cell_788	0	0	0	0	0	0	0	8	0	0	0	0	0	0	2	0
cell_939	0	0	2	0	0	0	4	0	0	0	0	0	0	0	0	0
cell_603	0	0	2	0	0	0	0	2	0	0	0	0	0	0	0	0
cell_89	0	0	0	0	2	0	0	0	0	0	0	0	0	4	2	0
cell_444	0	0	3	0	0	2	0	0	2	0	0	0	0	0	0	0
cell_941	0	0	0	3	0	0	0	2	0	0	0	0	0	0	0	0
cell_350	0	0	2	0	0	0	3	0	0	0	9	0	0	0	0	0
cell_14	0	0	0	0	2	0	0	0	0	0	0	0	0	4	2	0
cell_488	0	0	0	0	0	0	0	0	0	2	0	0	0	0	0	0
cell_227	0	0	0	0	36	0	0	0	0	0	0	0	0	4	2	0
cell_915	0	0	0	0	0	0	0	0	0	0	0	2	0	0	0	0
cell_338	0	0	2	0	0	0	0	0	0	0	9	0	0	0	0	0
cell_652	0	0	0	0	0	0	0	2	2	0	0	0	0	2	0	0
cell_77	0	0	0	0	2	0	0	0	0	0	0	0	0	4	0	0
cell_123	0	0	0	0	0	0	0	0	0	0	0	0	2	4	0	0
cell_441	0	0	3	0	0	2	0	0	2	0	0	0	0	0	0	0
cell_894	0	0	0	0	0	0	0	0	0	0	2	0	0	0	2	0
cell_404	0	0	0	0	0	0	0	2	0	0	0	0	0	3	0	0
cell_947	0	0	0	0	0	0	0	27	0	0	0	0	0	0	0	0
cell_574	2	5	2	0	2	0	0	2	0	0	0	0	0	0	0	2
cell_490	0	0	0	0	0	0	0	0	0	0	0	0	0	0	0	0
cell_865	0	0	0	0	0	2	0	0	0	0	2	0	0	0	2	0
cell_270	0	0	0	2	0	0	0	0	0	0	0	0	0	0	0	4
cell_736	0	0	0	0	0	0	0	2	2	2	0	0	0	0	0	2
cell_363	0	0	0	0	2	0	0	8	0	0	9	0	0	2	0	0
cell_735	0	0	0	0	0	0	0	2	2	2	0	0	0	0	0	2
cell_979	0	0	0	3	0	0	0	0	0	2	0	0	0	0	0	0
cell_728	0	0	0	0	0	0	0	2	2	2	0	0	0	0	0	0
cell_335	0	0	2	0	0	0	0	0	0	0	9	0	0	0	0	8
cell_424	0	0	0	5	0	0	0	0	2	0	0	0	0	0	0	0
cell_433	0	0	0	0	0	0	0	0	2	0	2	0	97	0	0	0
cell_964	0	0	0	0	0	0	0	0	0	2	0	0	0	0	0	0
cell_567	2	5	0	0	0	0	0	2	0	0	0	2	2	0	0	2
cell_724	0	2	0	0	0	0	0	2	2	2	5	0	0	0	0	0
cell_443	0	0	3	0	0	2	0	0	2	0	0	0	0	0	0	0
cell_28	0	0	0	0	0	0	0	0	0	0	5	0	3	4	0	0
cell_594	0	0	0	0	0	0	0	2	0	0	0	0	0	0	0	2
cell_283	0	0	0	0	0	0	0	0	0	0	0	0	0	0	0	4
cell_437	0	0	0	0	0	0	0	0	2	0	2	0	0	0	0	0
cell_635	0	3	0	0	4	0	0	2	0	0	0	0	2	0	3	0
cell_971	0	0	0	0	0	0	0	0	0	2	0	0	0	0	0	0
cell_609	0	0	0	0	0	0	0	2	0	0	0	10	0	0	3	0
cell_360	0	0	2	0	0	5	0	8	0	0	9	0	0	0	0	0
cell_993	0	0	0	4	0	0	0	0	0	0	0	0	0	0	0	0
cell_738	0	5	0	0	0	0	0	2	2	0	0	0	0	0	2	0
cell_396	0	0	0	0	0	0	0	0	0	0	0	0	0	0	0	0
cell_76	0	0	0	0	2	0	0	0	0	0	0	0	0	4	0	0
cell_296	0	0	4	5	0	0	0	0	0	0	0	0	0	0	0	4
cell_389	0	5	0	2	0	0	0	0	0	0	0	0	0	0	0	0
cell_3	0	0	0	0	2	0	0	0	0	0	0	0	0	4	2	0
cell_502	0	0	0	0	0	2	0	0	0	0	0	0	0	0	0	0
cell_1004	0	0	0	4	0	0	0	0	0	0	0	0	0	2	0	0
cell_434	0	0	0	0	0	0	0	0	2	0	2	0	97	0	0	0
cell_127	0	0	0	0	0	0	0	0	0	0	0	0	0	4	0	0
cell_787	0	0	0	0	0	0	0	8	0	0	0	0	0	0	2	0
cell_435	0	0	0	0	0	0	0	0	2	0	2	0	0	0	0	2
cell_582	0	0	0	0	0	0	0	2	0	0	0	0	0	0	2	0
cell_844	0	0	0	0	0	2	0	0	2	49	2	0	0	0	2	0
cell_178	0	0	0	0	0	0	0	0	0	0	2	0	0	4	0	0
cell_998	0	0	0	4	0	0	0	0	2	0	0	0	0	0	0	0
cell_250	0	0	0	0	0	0	0	4	0	0	0	0	0	4	0	0
cell_40	0	0	0	0	0	0	0	0	0	0	0	0	0	4	0	0
cell_758	0	0	0	0	0	0	0	2	2	3	0	0	0	0	2	0
cell_632	0	3	0	0	0	0	0	2	0	0	0	0	0	0	3	0
cell_163	0	0	0	2	0	0	0	0	0	0	0	0	0	4	0	0
cell_543	0	0	0	0	0	0	0	2	6	0	0	0	0	0	0	0
cell_605	0	0	0	0	0	0	0	2	0	0	0	0	0	0	0	0
cell_317	0	0	0	51	0	0	0	0	0	2	0	0	0	0	0	4
cell_931	0	0	0	0	0	0	0	0	0	0	0	0	0	0	0	0
cell_230	0	0	5	0	0	0	0	0	5	0	4	0	0	4	2	0
cell_622	0	0	0	0	0	0	0	2	0	0	0	0	0	0	3	0
cell_1023	0	0	0	4	0	0	0	0	2	0	0	0	0	0	2	0
cell_197	0	0	2	0	0	0	5	0	0	0	0	0	0	4	0	0
cell_897	0	2	0	0	0	5	0	3	0	0	0	2	0	0	0	0
cell_752	0	0	0	0	0	0	0	2	2	0	0	0	0	0	2	0
cell_898	0	2	0	0	0	5	0	3	0	0	0	2	0	0	0	0
cell_248	0	0	0	0	0	0	0	0	0	0	0	0	0	4	0	0
cell_96	0	0	0	0	2	0	0	0	0	0	0	0	0	4	2	0
cell_516	0	0	0	2	0	0	0	2	0	0	0	0	0	0	0	0
cell_286	0	0	0	0	0	2	0	0	0	0	0	0	0	0	0	4
cell_274	0	0	0	0	0	4	0	0	0	0	0	0	0	0	0	4
cell_187	0	0	0	0	0	0	0	0	0	0	0	0	0	4	0	0
cell_282	0	0	0	0	0	0	0	0	0	0	0	0	0	0	0	4
cell_617	0	0	0	0	0	0	0	2	0	0	0	0	0	0	3	0
cell_673	0	0	0	0	0	0	0	2	2	0	0	0	0	0	0	0
cell_199	0	0	2	0	0	0	5	0	0	0	0	0	0	4	0	0
cell_956	0	0	0	0	0	0	0	0	0	0	0	0	0	0	5	0
cell_1020	0	0	0	4	0	0	0	0	2	0	0	0	0	0	2	0
cell_764	0	0	0	0	0	0	0	2	2	0	0	2	0	0	2	0
cell_395	0	0	0	0	0	0	0	0	0	0	0	0	0	0	0	0
cell_414	0	0	0	0	0	0	0	2	0	0	0	0	0	0	0	0
cell_928	0	0	2	0	0	0	0	0	0	0	0	2	0	0	0	0
cell_95	0	0	0	0	2	0	0	0	0	0	0	0	0	4	2	0
cell_722	0	2	0	0	0	0	0	2	2	2	5	0	0	0	0	0
cell_749	0	0	0	0	0	0	0	2	2	0	0	0	0	0	2	24
cell_778	0	0	0	0	0	0	0	0	0	0	4	0	0	0	2	2
cell_823	3	0	0	0	0	0	0	0	0	0	9	0	0	0	2	0
cell_789	0	0	0	0	0	0	0	0	0	0	0	3	0	0	2	8
cell_690	0	0	0	5	0	0	0	2	2	0	0	0	0	0	0	0
cell_714	4	0	0	0	0	0	0	2	2	0	0	0	0	0	0	0
cell_336	0	0	2	0	0	0	0	0	0	0	9	0	0	0	0	8
cell_110	0	0	0	5	0	0	0	0	0	0	0	0	0	4	0	0
cell_138	0	0	0	4	0	0	0	0	0	0	0	0	0	4	0	0
cell_420	0	0	0	5	0	2	0	0	2	0	0	0	0	0	0	0
cell_102	0	0	0	0	0	0	64	0	0	0	0	0	0	4	0	0
cell_25	0	0	0	0	0	0	0	0	0	0	5	0	3	4	0	0
cell_604	0	0	2	0	0	0	0	2	0	0	0	0	0	0	0	0
cell_782	0	0	0	0	0	0	8	0	0	57	4	0	0	2	2	0
cell_2	0	0	0	0	2	0	0	0	0	0	0	0	0	4	2	0
cell_926	0	0	2	0	0	0	0	0	0	0	0	2	0	2	2	0
cell_587	0	0	0	0	0	0	0	2	0	0	0	0	0	0	2	0
cell_531	0	0	0	0	0	0	0	2	2	0	0	0	0	0	0	0
cell_372	13	0	0	0	0	5	0	8	0	0	9	0	0	0	0	0
cell_328	8	0	2	0	0	0	11	0	0	0	9	0	0	0	0	0
cell_121	5	0	0	0	0	0	0	0	0	0	0	0	0	4	0	0
cell_343	0	0	2	0	0	2	0	0	0	0	9	0	0	0	0	0
cell_767	0	0	9	0	0	0	0	2	2	0	0	2	0	0	2	0
cell_770	5	0	0	0	0	0	0	0	0	0	4	0	7	0	2	0
cell_209	0	0	0	0	0	2	5	0	0	0	0	0	5	4	0	0
cell_958	0	0	0	0	5	0	0	0	0	0	0	0	0	0	0	0
cell_780	0	0	0	0	0	0	0	0	0	0	4	0	0	0	2	2
cell_483	0	0	0	0	0	0	0	5	0	0	0	0	0	0	0	0
cell_876	0	0	0	0	0	0	0	0	0	0	2	0	0	0	2	0
cell_1015	0	0	0	4	0	0	2	0	0	0	0	0	0	0	2	0
cell_347	0	0	2	0	0	0	3	0	0	0	9	0	0	0	0	0
cell_192	0	0	0	0	0	0	0	0	0	0	0	0	0	4	0	0
cell_581	0	0	0	0	0	0	0	2	0	0	0	0	0	0	2	0
cell_719	4	0	0	0	0	0	0	2	2	0	0	0	0	0	0	0
cell_35	0	0	0	0	0	0	0	0	0	0	0	0	0	4	0	0
cell_597	0	0	0	0	0	0	0	2	0	0	0	0	0	0	0	2
cell_329	0	0	2	0	0	0	0	0	0	0	9	0	0	0	0	0
cell_415	0	0	0	0	0	0	0	2	0	0	0	0	0	0	0	0
cell_961	0	0	0	0	0	0	0	0	0	2	0	0	0	0	0	0
cell_1009	0	0	0	4	0	0	2	51	0	0	0	0	0	0	2	0
cell_266	5	0	0	2	0	0	0	0	0	0	0	0	0	0	0	4
cell_845	0	0	0	0	0	0	0	0	2	0	2	0	0	0	2	0
cell_288	0	0	0	0	0	0	0	0	0	0	0	0	0	0	0	4
cell_862	0	0	0	0	0	0	0	0	2	6	2	0	0	0	2	0
cell_566	2	5	0	0	0	0	0	2	0	0	0	2	0	0	0	2
cell_563	2	5	0	0	0	0	0	2	0	0	0	0	0	0	0	2
cell_666	0	0	0	0	0	0	0	2	2	0	0	0	0	0	0	0
cell_74	0	0	0	0	2	0	0	0	0	0	0	2	0	4	0	0
cell_536	0	0	5	0	0	0	0	2	2	0	0	0	0	0	0	0
cell_72	0	0	0	0	2	0	0	0	0	0	0	0	0	4	0	0
cell_429	0	0	0	0	0	0	0	0	2	0	0	0	0	0	0	0
cell_679	0	0	0	0	0	0	0	2	2	0	0	0	0	0	0	4
cell_194	0	0	2	0	0	0	5	0	0	0	0	0	0	4	0	0
cell_860	0	0	0	0	0	0	0	0	2	6	2	0	0	3	2	0
cell_342	0	0	2	0	0	2	0	0	0	0	9	0	0	0	0	3
cell_469	0	0	3	0	0	0	5	0	2	0	0	0	3	0	0	0
cell_650	0	0	0	0	0	3	0	2	2	0	0	0	0	2	0	0
cell_966	0	0	0	0	0	0	0	0	0	2	0	0	0	0	0	0
cell_150	0	0	0	0	0	0	0	5	0	0	0	0	0	4	0	0
cell_990	0	0	0	3	0	0	0	0	0	2	0	0	2	0	0	0
cell_753	0	0	0	0	0	0	0	2	2	3	0	0	0	0	2	0
cell_754	0	0	0	0	0	0	0	2	2	3	0	0	0	0	2	0
cell_118	0	0	0	0	0	0	0	0	0	0	0	0	0	4	0	0
cell_29	0	0	0	0	0	0	0	0	0	0	0	0	3	4	0	0
cell_631	0	3	0	0	0	0	0	2	0	0	0	0	0	0	3	0
cell_509	0	0	0	0	0	0	0	0	0	0	0	0	0	0	0	0
cell_392	0	0	0	2	0	0	0	0	0	0	0	0	0	0	0	0
cell_505	0	0	0	0	10	0	0	0	0	0	0	0	0	0	0	0
cell_436	0	0	0	0	0	0	0	0	2	0	2	0	0	0	0	2
cell_394	0	0	0	0	0	0	0	0	0	0	0	0	0	0	0	0
cell_261	0	0	0	0	0	0	0	0	0	0	0	0	0	0	0	4
cell_332	0	0	2	0	0	0	0	0	0	0	9	0	0	0	0	0
cell_769	5	0	0	0	0	0	0	0	0	0	4	0	7	0	2	0
cell_193	0	0	2	0	0	0	5	0	0	0	0	0	0	4	0	0
cell_446	0	0	0	0	0	0	0	0	2	0	0	2	0	0	0	0
cell_499	0	0	0	2	0	0	0	0	0	0	0	0	0	0	0	0
cell_936	0	0	0	0	0	0	0	0	0	0	4	0	0	0	0	0
cell_636	0	3	0	0	4	0	0	2	0	0	0	0	2	0	3	0
cell_487	0	0	0	0	0	0	0	0	0	2	0	0	0	0	0	0
cell_313	0	0	0	0	0	0	0	0	0	2	0	0	0	0	0	4
cell_521	0	0	0	0	0	0	0	2	0	0	0	0	0	0	0	5
cell_868	0	0	0	0	0	2	0	0	0	0	2	0	0	0	2	0
cell_31	0	0	0	0	0	0	0	0	0	0	0	0	3	4	0	0
cell_810	2	0	0	0	2	0	0	0	0	0	0	0	0	0	2	0
cell_685	0	0	0	0	0	2	0	2	2	0	0	0	0	0	0	0
cell_475	0	0	3	0	0	0	5	2	2	0	0	0	3	0	0	0
cell_297	0	0	4	0	0	0	0	0	0	0	0	0	0	0	0	4
cell_598	0	0	0	0	0	0	0	2	0	0	0	0	0	0	0	2
cell_644	0	0	0	36	0	0	0	2	2	0	0	0	0	0	0	0
