V1	V2	V3	V4	V5	V6	V7	V8	V9	V10	V11	V12	V13	V14	V15	V16
cell_816	0	5	0	3	0	0	2	5	0	0	0	0	5	0	2	9
cell_906	0	5	0	2	5	0	0	0	0	4	2	0	2	12	2	0
cell_846	2	5	0	2	5	2	0	4	0	0	0	0	2	13	0	9
cell_264	0	5	0	3	4	2	0	2	2	3	2	2	0	5	0	2
cell_390	0	0	2	3	0	4	0	2	0	0	2	0	5	42	2	2
cell_239	2	2	3	0	6	0	5	2	2	5	2	5	0	0	2	4
cell_201	2	2	0	0	0	0	0	2	3	0	2	0	0	0	2	4
cell_228	2	2	0	0	6	9	5	2	0	2	2	0	0	0	2	4
cell_453	3	0	2	0	5	0	0	2	5	0	2	0	5	0	9	10
cell_481	0	0	2	0	5	5	0	2	2	2	2	0	5	0	0	10
cell_635	2	5	0	6	2	52	2	5	0	2	2	0	0	0	0	0
cell_46	6	2	2	2	0	0	0	2	0	0	2	2	0	0	2	4
cell_459	3	0	2	0	5	0	0	2	0	2	2	0	5	0	0	10
cell_131	0	2	0	3	0	0	0	2	0	2	2	0	0	0	2	4
cell_747	2	5	0	0	9	0	5	5	0	4	0	0	0	2	2	0
cell_292	0	0	0	0	0	2	5	2	2	3	2	2	0	0	3	2
cell_944	2	5	0	42	0	11	0	2	0	0	2	0	2	0	2	0
cell_990	0	5	0	0	3	5	5	3	0	11	2	0	0	2	0	0
cell_465	0	0	2	0	5	0	0	2	0	0	2	0	5	0	3	10
cell_72	0	2	0	5	2	0	0	2	0	0	2	0	0	4	2	4
cell_243	2	2	0	0	5	2	0	2	0	2	2	0	0	8	2	4
cell_477	2	0	2	0	5	0	0	2	0	0	2	2	5	3	2	10
cell_497	0	0	2	3	5	2	0	2	0	0	2	0	5	0	0	10
cell_99	2	2	2	0	0	5	7	2	2	0	2	2	0	4	2	4
cell_468	0	0	2	0	5	0	0	2	0	0	2	0	5	0	3	10
cell_940	0	5	0	42	0	0	0	0	0	0	2	0	2	0	2	0
cell_825	2	5	0	0	0	0	2	5	0	0	3	0	0	0	0	9
cell_724	0	5	0	0	0	4	5	5	0	4	0	5	0	2	2	0
cell_938	2	5	0	42	0	0	0	0	0	0	2	0	2	0	2	0
cell_311	2	0	56	0	11	2	0	2	2	3	2	2	0	0	0	2
cell_449	3	0	2	0	5	0	0	2	0	0	2	2	5	0	9	10
cell_560	5	5	0	0	2	0	0	5	0	0	0	0	0	0	0	0
cell_240	2	2	3	0	6	0	5	2	2	5	2	5	0	0	2	4
cell_1017	0	5	0	0	0	0	0	2	0	0	2	0	6	0	0	0
cell_282	0	5	2	0	4	2	0	2	2	0	2	2	0	4	0	2
cell_716	0	5	0	0	0	0	5	5	26	4	2	2	0	2	2	0
cell_1	6	2	0	3	0	0	0	2	0	2	2	2	0	0	2	4
cell_539	0	5	0	0	2	0	0	5	0	0	0	4	5	0	3	3
cell_111	2	2	0	0	0	5	7	2	0	0	2	2	0	4	2	4
cell_596	0	5	0	2	0	3	0	5	2	0	19	0	0	5	2	0
cell_138	0	2	0	2	2	0	2	2	0	2	2	0	0	0	2	4
cell_829	0	5	0	0	0	0	2	0	0	0	3	0	2	0	0	9
cell_839	2	5	0	0	5	2	0	4	0	0	0	0	2	0	0	9
cell_875	2	5	0	0	0	0	0	4	0	0	0	2	0	3	0	9
cell_911	0	5	0	2	0	0	0	2	0	4	2	2	2	12	2	2
cell_400	0	0	2	3	0	4	0	2	0	0	2	12	5	42	2	0
cell_914	2	5	2	0	0	0	0	2	0	0	2	2	2	5	2	0
cell_208	2	2	0	3	12	2	0	2	3	0	2	0	0	0	2	4
cell_258	0	5	0	0	0	2	0	2	2	0	2	2	14	5	0	2
cell_502	2	3	2	0	5	0	0	2	0	0	2	0	5	0	0	10
cell_67	0	2	0	5	2	0	0	2	0	0	2	0	0	4	2	4
cell_244	2	2	0	0	5	2	0	2	0	2	2	0	0	8	2	4
cell_969	0	5	0	0	0	0	3	0	3	0	2	0	0	0	5	0
cell_578	0	5	2	2	0	3	2	5	0	0	0	0	3	5	0	0
cell_768	4	5	0	0	5	0	5	5	0	4	0	2	0	2	2	3
cell_954	0	5	0	42	0	5	2	0	0	4	2	0	2	0	2	0
cell_570	0	5	0	0	2	0	0	5	0	0	0	3	0	0	5	2
cell_336	2	0	0	3	0	2	0	2	2	0	2	2	0	0	0	2
cell_624	0	5	0	0	0	0	0	5	0	2	0	5	0	0	0	0
cell_975	0	5	0	0	0	0	0	0	0	2	2	0	0	0	5	0
cell_332	0	0	0	3	0	2	2	2	2	0	2	2	0	0	0	2
cell_490	0	0	2	0	5	5	3	2	2	0	2	0	5	0	0	10
cell_483	0	0	2	0	5	5	0	2	2	0	2	0	5	0	0	10
cell_742	2	5	0	0	0	0	5	5	2	4	0	0	0	2	2	0
cell_728	0	5	0	2	0	4	5	5	0	4	0	0	0	2	2	0
cell_729	0	5	0	0	2	0	5	5	0	4	0	0	0	2	2	0
cell_847	2	5	0	0	5	2	0	4	0	0	0	0	2	13	0	9
cell_750	2	5	0	0	0	2	5	5	0	4	0	0	0	2	2	0
cell_441	5	0	2	3	0	4	2	2	0	2	2	0	5	5	0	0
cell_237	2	2	0	0	6	0	5	2	2	0	2	5	0	0	2	4
cell_605	9	5	0	2	0	3	0	5	3	0	0	0	2	5	0	0
cell_174	0	2	0	0	4	9	0	2	2	2	2	2	0	0	2	4
cell_653	0	5	0	0	0	0	5	5	6	4	0	2	0	42	2	27
cell_1008	0	5	0	0	0	0	0	0	0	0	2	0	6	0	2	0
cell_943	2	5	0	42	0	11	0	2	0	0	2	0	2	0	2	0
cell_307	2	0	56	0	0	2	0	2	2	3	2	2	0	3	0	2
cell_836	2	5	0	0	5	2	0	4	0	2	0	0	2	0	0	9
cell_23	6	2	0	3	0	0	0	2	0	2	2	2	2	0	2	4
cell_104	2	2	0	2	0	5	7	2	2	0	2	2	0	4	2	4
cell_7	6	2	0	3	0	0	0	2	0	2	2	2	0	0	2	4
cell_73	0	2	0	5	2	0	0	2	0	0	2	0	0	4	2	4
cell_712	0	5	0	5	0	0	5	5	0	4	0	0	3	2	2	2
cell_361	2	0	2	0	0	2	2	2	2	2	2	2	2	2	0	2
cell_904	0	5	2	0	0	2	0	0	0	0	2	0	2	12	2	4
cell_710	0	5	0	2	2	0	5	5	0	4	0	0	0	2	2	2
cell_777	0	5	0	5	0	0	0	8	0	2	0	3	0	8	8	9
cell_404	0	0	2	0	0	4	0	2	0	0	2	2	5	42	0	4
cell_651	0	5	0	0	0	0	5	5	6	4	0	2	0	42	2	27
cell_848	2	5	0	0	5	2	0	4	0	0	0	0	2	13	0	9
cell_464	3	0	2	0	5	0	0	2	0	0	2	0	5	0	3	10
cell_406	0	0	2	0	27	4	0	2	0	0	2	2	5	42	5	0
cell_809	0	5	0	2	0	0	0	5	0	0	2	0	0	0	2	9
cell_300	0	0	0	0	0	2	0	2	2	3	2	2	0	11	0	2
cell_604	0	5	5	2	3	3	5	5	0	0	0	0	0	5	0	0
cell_414	0	0	2	0	0	4	2	2	2	0	2	0	5	42	2	0
cell_108	2	2	0	0	0	5	7	2	2	4	2	2	0	4	2	4
cell_759	4	5	0	0	0	2	5	5	2	4	2	2	0	2	2	59
cell_648	0	5	0	0	3	0	5	5	6	4	0	2	0	42	2	27
cell_430	5	0	2	0	0	4	2	2	0	0	2	0	5	0	0	0
cell_638	0	5	0	0	2	52	2	5	0	2	0	0	0	2	0	4
cell_1005	0	5	0	0	0	0	0	0	0	0	2	0	6	0	2	0
cell_184	0	2	0	0	4	0	0	2	0	0	2	2	0	0	2	4
cell_592	0	5	2	2	0	3	0	5	0	0	28	0	0	5	0	0
cell_734	0	5	0	0	2	0	5	5	0	4	0	0	0	2	2	0
cell_458	3	0	2	0	5	0	2	2	0	2	2	0	5	12	0	10
cell_892	2	5	0	0	2	0	0	4	12	0	0	0	0	0	0	9
cell_800	0	5	0	0	2	0	0	8	0	2	0	0	0	5	21	9
cell_178	0	2	0	0	4	0	0	2	0	0	2	0	0	2	2	4
cell_323	0	0	0	3	0	2	0	2	2	0	2	2	0	2	0	2
cell_466	0	0	2	0	5	0	0	2	0	0	2	0	5	0	3	10
cell_233	2	2	0	0	6	0	5	2	0	2	2	5	4	10	2	4
cell_267	0	5	2	0	0	2	0	2	2	0	2	2	2	5	0	2
cell_227	2	2	0	0	6	9	5	2	0	2	2	0	0	0	2	4
cell_457	3	0	2	0	5	0	2	2	0	2	2	0	5	12	0	10
cell_505	0	5	2	0	5	0	48	2	8	11	2	0	5	0	0	10
cell_946	0	5	0	42	0	2	2	3	4	0	2	0	2	0	2	0
cell_705	0	5	0	0	0	0	5	5	0	4	0	0	2	2	2	0
cell_334	2	0	0	3	0	2	0	2	2	0	2	2	0	0	0	2
cell_618	0	5	0	0	0	0	0	5	0	2	0	5	0	0	0	0
cell_790	2	5	0	2	2	0	2	8	12	3	0	0	0	5	0	9
cell_930	0	5	0	42	0	3	0	9	0	0	2	2	2	2	2	0
cell_832	0	5	0	59	0	2	2	0	0	0	3	0	2	0	0	9
cell_77	0	2	0	5	2	0	0	2	0	0	2	32	0	4	2	4
cell_791	2	5	0	2	2	0	2	8	12	3	0	0	0	5	0	9
cell_890	2	5	0	0	0	0	0	4	12	0	0	0	0	0	0	9
cell_880	2	5	0	0	0	2	0	4	0	0	0	0	0	3	0	9
cell_1006	0	5	0	0	0	0	0	0	0	0	2	0	6	0	2	0
cell_898	0	5	0	0	2	0	0	0	0	0	2	0	2	12	2	0
cell_246	2	2	0	0	0	2	2	2	0	2	2	0	0	8	2	4
cell_261	0	5	2	3	0	2	0	2	2	3	2	2	0	5	0	2
cell_822	2	5	2	0	0	0	0	0	0	15	0	0	0	0	0	9
cell_139	0	2	0	2	2	0	2	2	0	2	2	0	0	0	2	4
cell_1022	0	5	0	26	0	0	0	2	0	0	2	0	6	0	0	0
cell_308	2	0	56	0	0	2	0	2	2	3	2	2	0	3	0	2
cell_367	2	2	2	0	2	2	2	2	2	2	2	2	2	2	0	2
cell_720	0	5	0	0	0	0	5	5	26	4	0	0	0	2	2	0
cell_299	0	0	0	0	0	2	0	2	2	3	2	2	0	11	0	2
cell_835	2	5	0	0	5	2	0	4	0	2	0	0	2	0	0	9
cell_319	2	0	56	0	0	2	0	2	2	3	2	2	0	0	2	2
cell_547	0	5	0	0	2	5	0	5	0	2	0	0	0	0	0	0
cell_385	0	0	2	3	2	4	0	2	0	0	2	0	5	42	2	0
cell_546	0	5	0	0	2	0	0	5	0	2	0	0	0	0	0	0
cell_173	0	2	0	0	4	9	0	2	2	2	2	2	0	0	2	4
cell_20	6	2	0	3	0	0	0	2	0	2	2	2	2	0	2	4
cell_586	3	5	0	2	5	3	0	5	0	0	0	0	0	5	5	0
cell_559	5	5	0	0	2	0	0	5	0	0	0	0	0	0	0	0
cell_499	0	0	2	0	5	2	0	2	0	0	2	0	5	0	0	10
cell_103	2	2	0	2	0	5	7	2	2	0	2	2	0	4	2	4
cell_673	0	5	0	0	2	0	5	5	0	4	2	2	9	42	2	27
cell_656	0	5	0	0	0	0	5	5	6	4	0	2	0	42	2	27
cell_685	2	5	4	0	0	0	5	5	0	4	2	2	0	42	2	27
cell_527	0	5	0	0	2	2	5	5	0	0	0	2	0	0	0	2
cell_166	12	2	2	0	4	0	0	2	2	0	2	2	0	0	2	4
cell_858	2	5	0	2	0	2	0	4	0	6	0	2	22	2	2	9
cell_580	0	5	2	2	0	3	2	5	0	0	0	0	3	5	0	0
cell_54	6	2	0	0	0	0	0	2	0	2	2	0	2	8	2	4
cell_788	2	5	0	2	2	2	0	8	12	3	0	0	2	5	0	9
cell_137	0	2	0	2	2	0	2	2	0	2	2	0	0	0	2	4
cell_961	0	5	0	0	0	0	0	0	0	0	2	0	0	21	2	0
cell_971	0	5	0	3	0	0	0	0	3	0	2	0	0	0	5	0
cell_701	0	5	0	0	0	0	5	5	0	4	2	2	0	42	2	27
cell_553	5	5	0	0	2	0	0	5	8	0	0	0	0	0	2	0
cell_849	2	5	0	5	0	0	3	4	0	0	0	2	0	94	0	9
cell_255	2	2	0	0	0	0	0	2	0	2	2	0	0	3	2	4
cell_92	24	2	3	5	2	0	0	2	0	0	2	0	2	4	2	4
cell_607	0	5	0	2	0	3	0	5	3	2	0	0	2	5	0	0
cell_297	0	0	0	0	0	2	3	2	2	3	2	2	0	11	0	2
cell_770	2	5	0	5	0	0	4	8	0	0	0	0	0	8	0	9
cell_32	6	2	0	3	0	0	0	2	0	2	2	2	2	0	2	4
cell_330	0	0	0	3	0	2	0	2	2	0	2	2	53	0	2	2
cell_412	2	0	2	0	0	4	0	2	0	0	2	0	5	42	0	0
cell_737	2	5	0	0	0	0	5	5	2	4	0	0	0	2	2	0
cell_431	5	0	2	0	0	4	2	2	0	0	2	0	5	0	0	0
cell_913	2	5	2	0	0	0	0	2	0	0	2	2	2	5	2	0
cell_725	0	5	0	2	0	4	5	5	0	4	0	0	0	2	2	2
cell_495	0	0	2	0	5	5	3	2	2	0	2	0	5	0	4	10
cell_556	5	5	0	0	2	0	0	5	0	0	0	0	0	0	2	0
cell_226	2	2	0	0	6	9	5	2	0	2	2	0	0	0	2	4
cell_1007	0	5	0	0	0	0	0	0	0	0	2	0	6	0	2	0
cell_156	0	2	0	0	0	3	0	2	3	2	2	2	0	6	2	4
cell_350	5	0	0	3	3	2	2	2	2	0	2	2	4	0	4	2
cell_33	6	2	0	0	0	0	0	2	0	0	2	0	6	0	2	4
cell_24	6	2	0	3	0	0	0	2	0	2	2	2	2	0	2	4
cell_114	6	2	0	0	0	0	0	2	0	0	2	0	0	4	2	4
cell_983	0	5	0	0	3	2	0	0	0	2	2	3	0	2	0	0
cell_544	0	5	0	0	2	0	0	5	0	0	0	0	0	0	3	0
cell_28	6	2	0	3	0	0	0	2	0	2	2	2	0	0	2	4
cell_689	0	5	0	0	0	0	5	5	0	4	2	2	0	42	2	27
cell_765	4	5	0	3	5	0	5	5	0	4	0	2	0	2	2	3
cell_856	2	5	0	0	0	0	3	4	4	0	0	2	0	0	0	9
cell_684	2	5	5	0	2	0	5	5	0	4	2	2	2	42	2	27
cell_667	0	5	2	2	0	0	5	5	6	4	0	2	0	42	2	27
cell_637	0	5	0	0	2	52	2	5	0	2	0	0	0	2	0	4
cell_471	0	0	2	0	5	0	5	2	0	0	2	0	5	0	0	10
cell_552	0	5	0	0	2	0	0	5	0	2	0	0	0	0	0	0
cell_953	0	5	0	42	0	5	2	0	0	4	2	0	2	0	2	0
cell_751	2	5	0	0	0	2	5	5	0	4	0	0	0	2	2	0
cell_288	0	5	2	0	4	2	0	2	2	0	2	2	0	4	14	2
cell_13	6	2	8	3	0	2	0	2	5	2	2	2	2	0	2	4
cell_234	2	2	0	0	6	0	5	2	0	2	2	5	4	10	2	4
cell_601	0	5	5	2	3	3	0	5	0	0	0	0	0	5	0	0
cell_945	0	5	0	42	0	2	2	3	4	0	2	0	2	0	2	0
cell_676	0	5	0	0	2	5	5	5	0	4	2	2	0	42	2	27
cell_873	2	5	0	2	0	0	0	4	0	0	0	2	0	3	0	9
cell_63	6	2	0	0	0	0	0	2	0	2	2	0	0	0	2	4
cell_752	2	5	0	0	0	2	5	5	0	4	0	0	0	2	2	0
cell_286	0	5	2	0	4	2	0	2	2	0	2	2	0	4	14	2
cell_936	0	5	3	42	0	3	2	73	0	0	2	0	2	2	2	0
cell_1019	0	5	0	0	0	0	0	2	0	0	2	0	6	0	0	0
cell_450	3	0	2	0	5	0	0	2	0	0	2	2	5	0	9	10
cell_550	0	5	0	0	2	0	0	5	0	2	0	0	0	0	0	0
cell_283	0	5	0	0	4	2	0	2	2	0	2	2	0	4	0	2
cell_984	0	5	0	0	3	2	0	0	0	2	2	3	0	2	0	0
cell_959	0	5	0	42	0	5	2	0	0	4	2	0	2	0	2	0
cell_167	12	2	0	0	4	0	0	2	2	0	2	2	0	0	2	4
cell_828	2	5	0	0	0	0	2	0	0	0	3	0	0	0	0	9
cell_872	2	5	0	0	0	0	0	4	0	3	0	0	2	3	0	9
cell_241	2	2	0	0	5	2	0	2	0	2	2	0	0	8	2	4
cell_417	5	0	2	0	2	4	2	2	0	5	2	0	5	5	0	2
cell_573	0	5	0	0	2	0	0	5	0	0	0	3	2	0	5	2
cell_49	6	2	0	0	0	0	0	2	0	2	2	0	2	0	2	4
cell_401	5	0	2	0	0	4	0	2	0	0	2	2	5	42	0	4
cell_124	0	2	0	0	0	3	2	2	0	0	2	3	0	4	2	4
cell_1000	0	5	0	0	0	2	0	0	2	0	2	0	6	0	2	0
cell_107	2	2	0	0	0	5	7	2	2	4	2	2	0	4	2	4
cell_779	0	5	0	5	0	0	2	8	0	2	0	3	0	8	8	9
cell_886	2	5	2	0	3	0	0	4	0	3	0	0	0	0	0	9
cell_309	2	0	56	0	0	2	0	2	2	3	2	2	0	0	0	2
cell_345	5	0	2	3	0	2	0	2	2	0	2	2	4	0	0	2
cell_392	0	3	2	3	0	4	0	2	0	0	2	0	5	42	2	0
cell_397	0	0	2	3	0	4	0	2	0	0	2	12	5	42	2	8
cell_10	6	2	8	3	0	0	0	2	5	2	2	2	0	0	2	4
cell_707	0	5	0	0	0	0	5	5	0	4	0	0	2	2	2	0
cell_749	2	5	0	0	0	2	5	5	0	4	0	0	0	2	2	0
cell_876	2	5	0	0	0	0	0	4	0	0	0	2	0	3	0	9
cell_797	5	5	0	0	2	0	0	8	0	2	0	0	0	5	21	9
cell_894	2	5	108	0	0	2	0	4	0	0	0	0	0	5	0	9
cell_150	0	2	0	0	0	3	0	2	3	2	2	2	0	0	2	4
cell_277	2	5	0	0	4	2	0	2	2	0	2	2	0	4	0	2
cell_636	2	5	0	6	2	52	2	5	0	2	2	0	0	0	0	0
cell_542	0	5	0	0	2	0	0	5	0	0	0	0	0	0	3	0
cell_317	2	0	56	0	0	2	0	2	2	3	2	2	0	0	2	2
cell_343	10	2	0	3	0	2	0	2	2	0	2	2	4	0	0	2
cell_993	0	5	0	0	0	0	0	0	0	0	2	0	6	0	0	0
cell_979	0	5	0	0	3	0	0	0	0	0	2	0	0	2	0	0
cell_85	0	2	3	5	2	0	59	2	4	0	2	0	2	4	2	4
cell_12	6	2	8	3	0	0	0	2	5	2	2	2	0	0	2	4
cell_22	6	2	0	3	2	0	0	2	0	2	2	2	2	0	2	4
cell_238	2	2	0	0	6	0	5	2	2	0	2	5	0	0	2	4
cell_473	2	0	2	2	5	0	0	2	0	0	2	0	5	2	0	10
cell_626	0	5	5	0	2	52	0	5	19	2	0	0	0	0	0	0
cell_387	0	0	2	3	2	4	0	2	0	0	2	0	5	42	2	0
cell_41	6	2	0	2	2	0	2	2	0	0	2	2	0	0	2	4
cell_854	2	5	0	0	0	0	3	4	0	0	0	2	0	0	0	9
cell_507	0	3	2	0	5	0	0	2	8	11	2	19	5	0	0	10
cell_543	0	5	0	0	2	0	0	5	0	0	0	0	0	0	3	0
cell_454	3	0	2	0	5	0	0	2	5	0	2	0	5	0	9	10
cell_194	2	2	5	0	0	0	0	2	3	0	2	0	2	5	2	4
cell_193	2	2	5	0	0	0	0	2	3	0	2	0	2	5	2	4
cell_346	5	0	2	3	0	2	0	2	2	0	2	2	4	0	0	2
cell_225	2	2	0	0	6	9	5	2	0	2	2	0	0	0	2	4
cell_467	0	0	2	0	5	0	0	2	0	0	2	0	5	0	3	10
cell_376	2	0	0	0	0	2	0	2	2	3	2	2	2	0	0	2
cell_304	0	0	0	2	0	2	0	2	2	3	2	2	11	0	0	2
cell_381	2	0	2	0	0	2	0	2	2	0	2	2	2	0	2	2
cell_619	0	5	0	0	0	0	0	5	0	2	0	5	0	5	0	0
cell_934	0	5	0	42	0	3	2	73	5	0	2	0	2	2	2	0
cell_128	0	2	0	0	0	3	2	2	0	0	2	0	0	4	2	4
cell_613	0	5	0	0	0	4	2	5	2	2	0	5	0	0	2	0
cell_420	5	0	2	0	0	4	2	2	0	5	2	0	5	5	0	2
cell_815	0	5	0	3	0	0	2	5	0	0	0	0	5	0	2	9
cell_664	0	5	0	0	0	10	5	5	6	4	0	2	0	42	2	27
cell_741	2	5	0	0	0	0	5	5	2	4	0	0	0	2	2	0
cell_171	0	2	0	0	4	0	0	2	2	0	2	2	0	0	2	4
cell_328	0	2	2	3	10	2	0	2	2	0	2	2	0	2	0	2
cell_600	0	5	0	2	0	3	0	5	0	5	0	0	0	5	0	0
cell_80	0	2	0	5	2	0	0	2	0	0	2	0	0	4	2	4
cell_994	0	5	0	0	0	0	0	0	0	0	2	0	6	0	0	0
cell_315	2	0	56	5	0	2	0	2	2	3	2	2	0	0	0	2
cell_896	2	5	108	0	0	0	0	4	0	0	0	0	2	5	0	9
cell_787	2	5	0	2	2	2	0	8	12	3	0	0	2	5	0	9
cell_263	0	5	0	3	4	2	0	2	2	3	2	2	0	5	0	2
cell_214	2	2	0	2	0	2	0	2	3	0	2	0	0	2	2	4
cell_518	0	5	0	0	2	0	0	5	0	0	0	2	0	0	2	0
cell_536	0	5	0	0	2	9	0	5	2	0	0	0	0	0	0	0
cell_589	0	5	0	2	0	3	0	5	0	0	0	0	0	5	0	2
cell_42	6	2	0	2	2	0	2	2	0	0	2	2	0	0	2	4
cell_342	0	2	0	3	0	2	0	2	2	0	2	2	4	0	0	2
cell_446	5	0	2	3	0	4	2	2	11	0	2	0	5	0	0	0
cell_206	2	2	0	0	12	2	0	2	3	0	2	0	0	0	2	4
cell_517	0	5	0	0	2	0	0	5	0	0	0	2	0	0	2	0
cell_558	5	5	0	0	2	0	0	5	0	0	0	0	0	0	0	0
cell_554	5	5	0	0	2	0	0	5	8	0	0	0	0	0	2	0
cell_352	5	0	0	3	3	2	0	2	2	0	2	2	4	0	4	2
cell_302	0	0	0	2	2	2	0	2	2	3	2	2	0	0	0	2
cell_279	2	5	0	12	4	2	0	2	2	0	2	2	0	4	0	2
cell_284	0	5	0	0	4	2	0	2	2	0	2	2	0	4	0	2
cell_407	0	4	2	0	0	4	0	2	0	0	2	2	5	42	5	0
cell_526	0	5	0	0	2	2	0	5	0	0	10	2	0	0	0	0
cell_127	0	2	0	0	0	3	2	2	0	0	2	0	0	4	2	4
cell_272	0	5	0	0	0	2	0	2	2	0	2	2	0	5	4	2
cell_281	0	5	2	0	4	2	0	2	2	0	2	2	0	4	0	2
cell_887	2	5	2	0	3	15	0	4	0	3	0	0	0	0	0	9
cell_565	2	5	0	0	2	2	0	5	0	2	0	3	21	0	3	2
cell_826	2	5	0	0	0	0	2	5	0	0	3	0	0	0	0	9
cell_257	0	5	0	0	0	2	0	2	2	0	2	2	14	5	0	2
cell_980	0	5	0	0	3	0	0	0	0	0	2	0	0	2	0	0
cell_365	2	2	2	0	12	2	2	2	2	2	2	2	2	2	0	2
cell_242	2	2	0	0	5	2	0	2	0	2	2	0	0	8	2	4
cell_125	0	2	0	0	0	3	2	2	0	0	2	0	0	4	2	4
cell_121	0	2	0	2	0	3	2	2	0	0	2	3	0	4	2	4
cell_147	0	2	5	0	2	3	0	2	3	2	2	2	0	0	2	4
cell_1012	2	5	8	0	0	0	0	0	0	0	2	0	6	0	0	5
cell_532	0	5	8	0	2	0	0	5	0	0	0	0	0	0	8	0
cell_924	0	5	0	0	0	0	0	0	2	0	2	0	2	0	2	0
cell_443	5	2	2	3	0	4	2	2	0	0	2	0	5	5	0	0
cell_382	2	0	2	0	0	2	0	2	2	0	2	2	2	0	2	2
cell_654	0	5	0	0	0	0	5	5	6	4	0	2	0	42	2	27
cell_702	0	5	0	0	0	0	5	5	0	4	2	2	0	42	2	27
cell_310	2	0	56	0	0	2	0	2	2	3	2	2	0	0	0	2
cell_212	2	2	0	2	0	2	0	2	3	0	2	0	0	2	2	4
cell_1001	0	5	15	0	0	0	0	0	0	0	2	0	6	0	2	0
cell_115	6	2	0	0	0	0	0	2	0	0	2	0	0	4	2	4
cell_794	0	5	0	2	2	0	0	8	0	2	0	0	0	5	21	9
cell_202	2	2	0	0	0	0	0	2	3	0	2	0	0	0	2	4
cell_908	0	5	0	2	5	5	0	0	0	4	2	0	2	12	2	0
cell_609	0	5	0	0	0	0	0	5	3	2	0	5	0	0	0	0
cell_195	2	2	0	0	0	0	0	2	3	5	2	0	2	0	2	4
cell_588	0	5	6	2	5	3	2	5	0	0	0	0	0	5	5	0
cell_878	2	5	0	0	4	0	0	4	0	0	0	0	2	3	0	9
cell_8	6	2	0	3	0	0	0	2	0	2	2	2	0	0	2	4
cell_958	0	5	0	42	0	5	2	0	0	4	2	0	2	0	2	0
cell_493	2	2	2	0	5	5	3	2	2	0	2	0	5	0	4	10
cell_918	0	5	2	0	0	0	0	0	2	0	2	2	2	5	2	3
cell_40	6	2	0	2	0	0	0	2	0	0	2	0	0	0	2	4
cell_157	0	2	0	0	2	3	3	2	3	2	2	2	0	6	2	4
cell_525	0	5	0	0	2	2	0	5	0	0	10	2	0	0	0	0
cell_811	0	5	2	3	0	0	0	5	0	0	2	0	2	0	2	9
cell_117	6	2	2	5	0	3	0	2	0	0	2	0	0	4	2	4
cell_84	0	2	3	5	2	0	59	2	4	0	2	0	2	4	2	4
cell_421	5	2	2	0	0	4	2	2	0	5	2	0	5	5	0	0
cell_623	0	5	0	0	0	0	0	5	0	2	0	5	0	0	0	0
cell_143	0	2	0	2	0	3	0	2	0	2	2	2	0	0	2	4
cell_339	0	4	2	3	0	2	0	2	2	0	2	2	4	0	2	2
cell_366	2	2	2	0	12	2	2	2	2	2	2	2	2	2	0	2
cell_555	5	5	0	0	2	0	0	5	0	0	0	0	0	0	2	0
cell_614	0	5	0	0	0	4	2	5	2	2	0	5	0	0	2	0
cell_14	6	2	8	3	0	2	0	2	5	2	2	2	2	0	2	4
cell_566	2	5	0	0	2	2	0	5	0	2	0	3	21	0	3	2
cell_222	2	2	0	2	0	2	2	2	3	0	2	3	0	0	2	4
cell_191	0	2	0	0	4	0	0	2	0	0	2	2	2	0	2	4
cell_960	0	5	0	42	0	5	2	0	0	4	2	0	2	0	2	0
cell_168	12	2	0	0	4	0	0	2	2	0	2	2	0	0	2	4
cell_389	0	0	2	3	0	4	0	2	0	0	2	0	5	42	2	2
cell_723	0	5	0	0	0	4	5	5	0	4	0	5	0	2	2	0
cell_331	0	0	0	3	0	2	2	2	2	0	2	2	0	0	0	2
cell_100	2	2	2	0	0	5	7	2	2	0	2	2	0	4	2	4
cell_78	0	2	0	5	2	0	0	2	0	0	2	32	0	4	2	4
cell_461	3	0	2	0	5	0	0	2	2	0	2	0	5	0	3	10
cell_632	0	5	5	0	2	52	0	5	2	2	0	0	2	0	0	0
cell_1021	0	5	0	26	0	0	0	2	0	0	2	0	6	0	0	0
cell_211	2	2	0	2	0	2	0	2	3	0	2	0	0	2	2	4
cell_415	2	0	2	5	0	4	0	2	2	0	2	0	5	42	0	0
cell_75	2	2	0	5	2	0	0	2	0	0	2	0	0	4	2	4
cell_611	3	5	0	0	0	0	0	5	0	2	0	5	0	0	0	32
cell_112	2	2	0	0	0	5	7	2	0	0	2	2	0	4	2	4
cell_236	2	2	0	0	6	0	5	2	0	0	2	5	4	0	2	4
cell_584	0	5	0	2	0	3	2	5	0	0	0	0	3	5	0	0
cell_190	0	2	0	0	4	0	0	2	0	0	2	2	2	0	2	4
cell_141	0	2	0	2	0	3	0	2	0	2	2	0	0	0	2	4
cell_577	0	5	2	2	0	3	2	5	0	0	0	0	3	5	0	0
cell_232	2	2	0	0	6	0	5	2	0	2	2	0	0	0	2	4
cell_196	2	2	0	0	0	0	0	2	3	5	2	0	2	0	2	4
cell_903	0	5	2	0	0	2	0	0	0	0	2	0	2	12	2	4
cell_132	0	2	0	3	0	0	0	2	0	2	2	0	0	0	2	4
cell_717	0	5	0	0	0	0	5	5	26	4	0	0	0	2	2	0
cell_511	0	0	2	0	5	0	4	2	8	0	2	0	5	0	0	10
cell_631	0	5	5	0	2	52	0	5	2	2	0	0	2	0	0	0
cell_419	5	0	2	0	0	4	2	2	0	5	2	0	5	5	0	2
cell_905	0	5	0	2	5	0	0	0	0	4	2	0	2	12	2	0
cell_516	2	5	0	0	2	0	5	5	0	0	0	2	0	0	0	0
cell_203	2	2	0	5	2	0	0	2	3	0	2	0	0	0	2	4
cell_1003	0	5	0	0	0	0	0	0	0	0	2	0	6	0	2	0
cell_659	0	5	0	0	0	10	5	5	6	4	0	2	0	42	2	27
cell_650	0	5	0	0	0	0	5	5	6	4	0	2	0	42	2	27
cell_204	2	2	0	5	2	0	0	2	3	0	2	0	0	0	2	4
cell_88	0	2	3	5	2	0	59	2	4	0	2	0	2	4	2	4
cell_933	0	5	0	42	0	3	2	73	5	0	2	0	2	2	2	0
cell_899	0	5	0	0	2	0	0	0	0	0	2	2	2	12	2	0
cell_568	2	5	2	0	2	2	0	5	0	0	0	3	0	0	3	2
cell_322	0	0	0	3	0	2	0	2	2	0	2	2	0	2	0	2
cell_260	0	5	0	0	0	2	0	2	2	0	2	2	14	5	0	2
cell_883	2	5	8	2	3	0	0	4	0	3	0	0	0	2	2	9
cell_621	0	5	0	0	0	2	0	5	0	2	0	5	2	0	0	0
cell_561	2	5	0	0	2	2	0	5	0	0	0	3	12	0	3	2
cell_735	0	5	0	0	2	0	5	5	3	4	0	0	0	2	2	0
cell_882	2	5	0	2	3	0	5	4	0	3	0	0	0	2	0	9
cell_68	0	2	0	5	2	0	0	2	0	0	2	0	0	4	2	4
cell_250	2	2	0	0	0	2	3	2	0	2	2	0	0	3	2	4
cell_90	24	2	3	5	2	0	0	2	0	0	2	0	2	4	2	4
cell_199	2	2	0	0	0	0	0	2	3	0	2	0	2	0	2	4
cell_479	2	0	2	0	5	0	0	2	4	0	2	16	5	2	2	10
cell_763	4	5	10	0	5	0	5	5	0	4	0	2	0	2	2	0
cell_521	0	5	0	0	2	2	0	5	0	0	0	2	0	4	5	3
cell_45	6	2	2	2	0	0	0	2	0	0	2	2	0	0	2	4
cell_519	0	5	0	0	2	0	0	5	0	0	0	2	0	0	0	0
cell_929	0	5	0	42	0	3	0	9	0	0	2	2	2	2	2	0
cell_369	2	5	0	3	0	2	0	2	2	0	2	2	2	0	0	2
cell_122	0	2	0	2	0	3	2	2	0	0	2	3	0	4	2	4
cell_810	0	5	0	2	0	0	0	5	0	0	2	0	0	0	2	9
cell_927	3	5	0	0	0	0	0	0	2	0	2	0	2	0	2	3
cell_838	2	5	0	0	5	2	0	4	0	0	0	0	2	0	0	9
cell_144	0	2	0	2	0	3	0	2	0	2	2	2	0	0	2	4
cell_53	6	2	0	0	0	0	0	2	0	2	2	0	2	8	2	4
cell_628	0	5	5	0	2	52	0	5	19	2	2	0	0	0	0	0
cell_355	2	0	0	0	0	2	0	2	2	2	2	2	0	2	0	2
cell_394	10	0	2	3	0	4	0	2	0	0	2	12	5	42	2	0
cell_207	2	2	0	3	12	2	0	2	3	0	2	0	0	0	2	4
cell_939	0	5	0	42	0	0	0	0	0	0	2	0	2	0	2	0
cell_513	2	5	0	0	2	18	5	5	0	0	0	2	0	0	0	0
cell_374	2	3	0	0	0	2	0	2	2	0	2	2	2	0	0	2
cell_700	0	5	0	8	0	0	5	5	0	4	2	2	0	42	2	27
cell_224	2	2	0	2	0	2	2	2	3	0	2	3	0	2	2	4
cell_145	0	2	5	0	0	3	0	2	3	2	2	2	0	0	2	4
cell_504	2	3	2	0	5	0	2	2	0	0	2	0	5	0	2	10
cell_43	6	2	0	2	0	0	0	2	0	0	2	2	0	0	2	4
cell_719	0	5	0	0	0	0	5	5	26	4	0	0	0	2	2	0
cell_133	0	2	0	0	0	0	0	2	2	2	2	0	2	0	2	4
cell_640	0	5	0	0	2	52	2	5	0	2	0	0	0	2	0	4
cell_235	2	2	0	0	6	0	5	2	0	0	2	5	4	0	2	4
cell_758	4	5	0	0	0	2	5	5	0	4	0	2	0	2	2	59
cell_197	2	2	0	0	0	0	0	2	3	0	2	0	2	2	2	4
cell_874	2	5	0	2	0	0	0	4	0	0	0	2	0	3	0	9
cell_593	0	5	0	2	0	3	0	5	0	0	0	0	0	5	2	0
cell_591	0	5	2	2	0	3	0	5	0	0	28	0	0	5	0	0
cell_198	2	2	0	0	0	0	0	2	3	0	2	0	2	2	2	4
cell_186	0	2	2	0	4	0	0	2	13	0	2	2	2	0	2	4
cell_599	0	5	0	2	0	3	0	5	0	5	0	0	0	5	0	0
cell_740	2	5	0	0	0	0	5	5	2	4	0	0	0	2	2	0
cell_879	2	5	0	0	0	2	0	4	0	0	0	0	0	3	0	9
cell_823	2	5	0	0	0	0	0	0	8	0	0	0	0	0	0	9
cell_408	0	4	2	0	0	4	0	2	0	0	2	2	5	42	5	0
cell_64	6	2	0	0	0	0	0	2	0	2	2	0	0	0	2	4
cell_995	0	5	5	2	0	0	0	0	0	0	2	0	6	10	0	0
cell_1014	0	5	5	0	0	0	4	0	0	0	2	0	6	0	2	0
cell_657	0	5	0	0	0	10	5	5	6	4	0	2	0	42	2	27
cell_671	0	5	2	2	0	0	5	5	6	4	0	2	0	42	2	27
cell_1018	0	5	0	0	0	0	0	2	0	0	2	0	6	0	0	0
cell_795	0	5	0	0	2	0	0	8	0	2	0	0	0	5	21	9
cell_305	2	2	56	0	0	2	0	2	2	3	2	2	0	0	0	2
cell_432	5	0	2	0	0	4	2	2	0	0	2	0	5	0	0	0
cell_424	5	0	2	0	0	4	2	2	0	5	2	0	5	5	0	0
cell_976	0	5	0	0	0	0	0	0	0	2	2	0	0	0	5	0
cell_373	2	3	0	0	0	2	0	2	2	0	2	2	2	0	0	2
cell_329	0	0	0	3	0	2	0	2	2	0	2	2	53	0	2	2
cell_698	0	5	0	0	0	0	5	5	0	4	2	2	0	42	2	27
cell_1013	0	5	5	0	0	0	4	0	0	0	2	0	6	0	2	0
cell_808	15	5	0	0	0	0	0	5	0	21	0	2	5	0	0	9
cell_885	2	5	2	0	3	0	0	4	0	3	0	0	0	0	0	9
cell_210	2	2	0	2	0	2	0	2	3	0	2	27	2	2	2	4
cell_501	2	3	2	0	5	0	0	2	0	0	2	0	5	0	0	10
cell_746	2	5	0	0	9	0	5	5	0	4	0	0	0	2	2	0
cell_437	5	0	2	2	0	4	2	2	3	0	2	0	5	2	3	0
cell_683	2	5	5	0	2	0	5	5	0	4	2	2	2	42	2	27
cell_864	2	5	0	0	0	0	0	4	0	0	0	2	0	0	12	9
cell_606	9	5	0	2	0	3	0	5	3	0	0	0	2	5	0	0
cell_784	0	5	0	5	0	0	2	8	0	0	0	3	53	8	8	9
cell_259	0	5	0	0	0	2	0	2	2	0	2	2	14	5	0	2
cell_538	5	5	0	0	2	0	0	5	0	0	0	4	5	0	3	3
cell_745	2	5	0	0	9	0	5	5	0	4	0	0	0	2	2	0
cell_853	2	5	0	0	0	0	3	4	0	0	0	2	0	0	0	9
cell_594	0	5	0	2	0	3	0	5	0	0	0	0	0	5	2	0
cell_764	4	5	10	0	5	0	5	5	0	4	0	2	0	2	2	0
cell_1011	2	5	8	0	0	0	0	0	0	0	2	0	6	0	0	5
cell_176	0	2	0	0	4	9	0	2	2	2	2	2	0	0	2	4
cell_335	2	0	0	3	0	2	0	2	2	0	2	2	0	0	0	2
cell_337	5	0	0	3	0	2	0	2	2	0	2	2	4	0	0	2
cell_19	6	2	0	3	0	0	0	2	0	2	2	2	2	0	2	4
cell_17	6	2	2	3	0	0	0	2	0	2	2	2	2	0	2	4
cell_549	0	5	0	0	2	0	0	5	0	2	0	0	0	0	0	0
cell_61	6	2	0	0	0	0	0	2	0	2	2	0	0	0	2	4
cell_973	0	5	0	0	0	0	0	0	0	0	2	2	0	0	5	2
cell_981	0	5	2	0	3	2	0	0	0	3	2	3	0	2	0	0
cell_354	2	0	0	0	0	2	0	2	2	2	2	2	0	2	0	2
cell_769	2	5	0	5	0	0	4	8	0	0	0	0	0	8	0	9
cell_135	0	2	0	0	0	0	0	2	0	2	2	0	2	0	2	4
cell_888	2	5	2	0	3	15	0	4	0	3	0	0	0	0	0	9
cell_583	0	5	0	2	0	3	2	5	0	0	0	0	3	5	0	0
cell_776	0	5	0	5	0	0	0	8	0	0	0	2	0	8	0	9
cell_781	0	5	0	5	0	0	2	8	0	0	0	3	53	8	8	9
cell_831	0	5	0	59	0	2	2	0	0	0	3	0	2	0	0	9
cell_87	0	2	3	5	2	0	59	2	4	0	2	0	2	4	2	4
cell_351	5	0	0	3	3	2	0	2	2	0	2	2	4	0	4	2
cell_183	0	2	0	0	4	0	0	2	0	0	2	2	0	0	2	4
cell_44	6	2	0	2	0	0	0	2	0	0	2	2	0	0	2	4
cell_774	0	5	0	5	0	0	0	8	0	0	0	2	0	8	0	9
cell_480	2	0	2	0	5	0	0	2	4	0	2	16	5	2	2	10
cell_923	0	5	0	0	0	0	0	0	2	0	2	0	2	0	2	0
cell_27	6	2	0	3	0	0	0	2	0	2	2	2	0	0	2	4
cell_294	0	5	0	0	0	2	5	2	2	3	2	2	0	0	0	2
cell_755	4	5	0	0	0	2	5	5	0	4	0	2	0	2	2	5
cell_363	2	0	2	0	0	2	2	2	2	2	2	2	2	2	0	2
cell_119	6	2	0	0	0	0	0	2	0	0	2	0	0	4	2	4
cell_356	2	0	0	0	0	2	0	2	2	2	2	2	0	2	0	2
cell_278	2	5	0	0	4	2	0	2	2	0	2	2	0	4	0	2
cell_438	5	0	2	2	0	4	2	2	3	0	2	0	5	2	3	0
cell_925	3	5	0	0	0	0	0	4	2	0	2	0	2	0	2	0
cell_602	0	5	5	2	3	3	0	5	0	0	0	0	0	5	0	0
cell_140	0	2	0	2	2	0	2	2	0	2	2	0	0	0	2	4
cell_172	0	2	0	0	4	0	0	2	2	0	2	2	0	0	2	4
cell_615	0	5	0	0	0	0	0	5	0	2	0	5	0	0	0	0
cell_731	0	5	3	0	2	2	5	5	0	4	0	0	0	2	2	0
cell_253	2	2	0	0	0	7	0	2	0	2	2	0	0	3	2	4
cell_900	0	5	0	0	2	0	0	0	0	0	2	2	2	12	2	0
cell_36	6	2	3	2	0	0	0	2	0	0	2	0	0	0	2	4
cell_805	0	5	0	0	0	3	0	5	0	0	0	2	0	0	0	9
cell_1020	0	5	0	0	0	0	0	2	0	0	2	0	6	0	0	0
cell_368	2	2	2	0	2	2	2	2	2	2	2	2	2	2	0	2
cell_641	0	5	3	0	0	0	5	5	6	4	0	2	0	42	2	27
cell_105	2	2	0	0	0	5	7	2	0	4	2	2	0	4	2	4
cell_95	24	2	3	5	2	5	0	2	0	0	2	0	2	4	2	4
cell_545	0	5	0	0	2	0	0	5	0	2	0	0	0	0	0	0
cell_786	2	5	0	2	2	2	0	8	12	3	0	0	2	5	0	9
cell_955	0	5	2	42	0	5	2	0	0	4	2	0	2	0	2	0
cell_31	6	2	0	3	0	0	0	2	0	2	2	2	2	0	2	4
cell_375	2	0	0	0	0	2	0	2	2	3	2	2	2	0	0	2
cell_164	0	2	0	0	4	0	0	2	2	0	2	0	0	0	2	4
cell_155	0	2	0	0	0	3	0	2	3	2	2	2	0	6	2	4
cell_37	6	2	0	0	0	0	0	2	0	0	2	0	0	5	2	4
cell_163	0	2	0	0	4	0	0	2	2	0	2	0	0	0	2	4
cell_154	0	2	0	0	0	3	0	2	3	2	2	2	0	6	2	4
cell_500	0	0	2	0	5	2	0	2	0	0	2	0	5	0	0	10
cell_486	2	0	2	0	5	5	0	2	2	0	2	0	5	27	0	10
cell_666	0	5	2	2	0	0	5	5	6	4	0	2	0	42	2	27
cell_169	0	2	0	0	4	0	0	2	2	4	2	2	0	0	2	4
cell_427	5	0	2	0	0	4	2	2	0	0	2	0	5	12	5	0
cell_754	4	5	0	0	0	2	5	5	0	4	0	2	0	2	2	0
cell_721	5	5	2	0	0	4	5	5	0	4	0	5	0	2	2	0
cell_217	2	2	0	2	0	2	0	2	3	0	2	3	3	0	2	4
cell_818	0	5	0	5	0	0	0	0	0	0	0	0	8	0	3	9
cell_116	6	2	0	0	0	0	0	2	0	0	2	0	0	4	2	4
cell_634	2	5	0	6	2	52	2	5	0	2	2	0	0	0	0	0
cell_986	0	5	0	0	3	5	0	3	0	0	2	0	0	2	0	3
cell_919	0	5	2	0	0	0	0	0	0	0	2	2	2	5	2	0
cell_869	2	5	0	0	0	0	0	4	0	3	0	0	2	3	0	9
cell_289	0	0	0	0	0	2	5	2	2	3	2	2	0	0	3	2
cell_616	0	5	0	0	0	0	0	5	0	2	0	5	0	0	0	0
cell_679	0	5	0	0	0	0	5	5	0	4	2	2	0	42	2	27
cell_38	6	2	0	0	0	0	0	2	0	0	2	0	0	5	2	4
cell_101	2	2	0	0	0	5	7	2	2	0	2	2	0	4	2	4
cell_726	0	5	0	2	0	4	5	5	0	4	0	0	0	2	2	2
cell_205	2	2	0	0	12	2	0	2	3	0	2	0	0	0	2	4
cell_35	6	2	3	2	0	0	0	2	0	0	2	0	0	0	2	4
cell_824	2	5	0	0	0	0	0	0	8	0	0	0	0	0	0	9
cell_149	0	2	0	0	0	3	0	2	3	2	2	2	0	0	2	4
cell_165	12	2	2	0	4	0	0	2	2	0	2	2	0	0	2	4
cell_842	2	5	0	0	5	2	0	4	2	0	0	0	0	4	0	9
cell_153	0	2	0	0	0	3	0	2	3	2	2	2	0	6	2	4
cell_541	0	5	0	0	2	0	0	5	0	0	0	0	0	0	3	0
cell_998	0	5	2	0	0	2	0	0	2	0	2	0	6	0	2	0
cell_567	2	5	2	0	2	2	0	5	0	0	0	3	0	0	3	2
cell_396	0	0	2	3	0	4	0	2	0	4	2	12	5	42	2	0
cell_803	0	5	0	0	0	0	0	5	0	0	0	0	0	0	0	9
cell_50	6	2	0	0	0	0	0	2	0	2	2	0	2	0	2	4
cell_982	0	5	2	0	3	2	0	0	0	3	2	3	0	2	0	0
cell_177	0	2	0	0	4	0	0	2	0	0	2	0	0	2	2	4
cell_463	3	0	2	0	5	0	0	2	0	0	2	0	5	0	3	10
cell_358	2	0	0	50	0	2	0	2	2	2	2	2	2	2	8	2
cell_793	0	5	0	2	2	0	0	8	0	2	0	0	0	5	21	9
cell_470	0	0	2	0	5	0	5	2	0	3	2	0	5	0	0	10
cell_857	2	5	0	2	0	2	0	4	0	6	0	2	22	2	2	9
cell_47	6	2	0	2	0	0	0	2	0	0	2	2	0	0	2	4
cell_571	0	5	0	0	2	0	2	5	2	0	0	3	0	0	5	2
cell_529	0	5	0	0	2	0	3	5	0	0	0	2	0	0	0	0
cell_963	0	5	0	0	0	0	0	0	0	0	2	0	0	0	0	0
cell_996	0	5	5	2	0	0	0	0	0	0	2	0	6	10	0	0
cell_617	0	5	0	0	0	0	0	5	0	2	0	5	0	0	0	0
cell_646	0	5	0	0	3	0	5	5	6	4	0	2	0	42	2	27
cell_587	0	5	6	2	5	3	2	5	0	0	0	0	0	5	5	0
cell_642	0	5	3	0	0	0	5	5	6	4	0	2	0	42	2	27
cell_951	0	5	0	42	0	0	2	0	4	0	2	0	2	0	2	0
cell_827	2	5	0	0	0	0	2	0	0	0	3	0	0	0	0	9
cell_485	2	0	2	0	5	5	0	2	2	0	2	0	5	27	0	10
cell_347	5	4	2	3	0	2	0	2	2	0	2	2	4	0	0	2
cell_850	2	5	0	5	0	0	3	4	0	0	0	2	0	94	0	9
cell_444	5	2	2	3	0	4	2	2	0	0	2	0	5	5	0	0
cell_316	2	0	56	5	0	2	0	2	2	3	2	2	0	0	0	2
cell_595	0	5	0	2	0	3	0	5	2	0	19	0	0	5	2	0
cell_861	2	5	0	0	0	0	0	4	53	0	0	2	0	0	12	9
cell_285	0	5	2	0	4	2	0	2	2	0	2	2	0	4	14	2
cell_907	0	5	0	2	5	5	0	0	0	4	2	0	2	12	2	0
cell_736	0	5	0	0	2	0	5	5	3	4	0	0	0	2	2	0
cell_161	0	2	0	0	4	0	0	2	2	0	2	0	0	2	2	4
cell_989	0	5	0	0	3	5	5	3	0	11	2	0	0	2	0	0
cell_663	0	5	0	0	0	10	5	5	6	4	0	2	0	42	2	27
cell_950	0	5	0	42	0	0	2	0	4	0	2	2	2	0	2	0
cell_564	2	5	0	0	2	2	0	5	0	0	0	3	0	0	3	2
cell_270	0	5	0	0	0	2	0	2	2	0	2	2	5	5	4	2
cell_51	6	2	0	0	0	0	0	2	0	2	2	0	2	0	2	4
cell_34	6	2	0	0	0	0	0	2	0	0	2	0	6	0	2	4
cell_967	0	5	0	0	0	0	2	0	0	0	2	0	0	0	0	0
cell_523	0	5	0	0	2	2	0	5	0	0	0	2	0	0	5	3
cell_693	0	5	0	0	0	0	5	5	0	4	2	2	0	42	2	27
cell_2	6	2	0	3	0	0	0	2	0	2	2	2	0	0	2	4
cell_703	0	5	0	0	0	0	5	5	0	4	2	2	0	42	2	27
cell_668	0	5	2	2	0	0	5	5	6	4	0	2	0	42	2	27
cell_678	0	5	0	0	0	0	5	5	0	4	2	2	0	42	2	27
cell_540	0	5	0	0	2	0	0	5	0	0	0	4	5	0	3	3
cell_868	2	5	0	0	0	0	0	4	0	0	3	0	2	3	0	9
cell_837	2	5	0	0	5	2	0	4	0	0	0	0	2	0	0	9
cell_324	0	0	0	3	0	2	0	2	2	0	2	2	0	2	0	2
cell_852	2	5	0	5	0	0	3	4	0	0	0	2	0	0	0	9
cell_952	0	5	0	42	0	0	2	0	4	0	2	0	2	0	2	0
cell_82	0	2	3	5	2	0	59	2	4	0	2	0	2	4	2	4
cell_469	0	0	2	0	5	0	5	2	0	3	2	0	5	0	0	10
cell_26	6	2	0	3	0	0	0	2	0	2	2	2	0	0	2	4
cell_802	0	5	0	0	0	0	8	5	0	12	0	0	0	0	0	9
cell_649	0	5	0	0	0	0	5	5	6	4	0	2	0	42	2	27
cell_476	2	0	2	5	5	0	0	2	0	0	2	0	5	0	0	10
cell_325	0	2	2	3	0	2	0	2	2	0	2	2	0	2	0	2
cell_123	0	2	0	0	0	3	2	2	0	0	2	3	0	4	2	4
cell_964	0	5	0	0	0	0	0	0	0	0	2	0	0	0	0	0
cell_917	0	5	2	0	0	0	0	0	2	0	2	2	2	5	2	3
cell_574	0	5	0	0	2	0	0	5	0	0	0	3	2	0	5	2
cell_295	0	5	0	0	0	2	5	2	2	3	2	2	0	0	0	2
cell_398	0	0	2	3	0	4	0	2	0	0	2	12	5	42	2	8
cell_360	2	0	0	0	0	2	0	2	2	2	2	2	0	2	8	2
cell_757	4	5	0	0	0	2	5	5	0	4	0	2	0	2	2	59
cell_498	0	0	2	3	5	2	0	2	0	0	2	0	5	0	0	10
cell_276	0	5	2	0	4	2	0	2	2	0	2	2	0	4	0	2
cell_4	6	2	0	3	0	0	0	2	0	2	2	2	0	0	2	4
cell_524	0	5	0	0	2	2	0	5	0	0	0	2	0	0	5	3
cell_209	2	2	0	2	0	2	0	2	3	0	2	27	2	2	2	4
cell_74	0	2	0	5	2	0	0	2	0	0	2	0	0	4	2	4
cell_575	0	5	2	0	2	0	0	5	0	0	0	3	0	0	5	2
cell_796	0	5	0	0	2	0	0	8	0	2	0	0	0	5	21	9
cell_364	2	0	2	0	0	2	2	2	2	2	2	2	2	2	0	2
cell_200	2	2	0	0	0	0	0	2	3	0	2	0	2	0	2	4
cell_762	4	5	10	0	5	0	5	5	0	4	0	2	0	2	2	0
cell_813	0	5	0	3	0	0	0	5	0	0	0	5	5	0	2	9
cell_812	0	5	2	3	0	0	0	5	0	0	2	0	2	0	2	9
cell_843	2	5	0	0	5	2	0	4	2	0	0	0	0	4	0	9
cell_219	2	2	0	2	0	2	0	2	3	0	2	3	3	0	2	4
cell_510	0	0	2	0	5	0	0	2	8	0	2	0	5	0	0	10
cell_603	0	5	5	2	3	3	5	5	0	0	0	0	0	5	0	0
cell_348	5	4	2	3	0	2	0	2	2	0	2	2	4	0	0	2
cell_96	24	2	3	5	2	5	0	2	0	0	2	0	2	4	2	4
cell_291	0	0	0	0	0	2	5	2	2	3	2	2	0	0	3	2
cell_744	2	5	0	0	0	0	5	5	2	4	0	0	0	2	2	29
cell_86	0	2	3	5	2	0	59	2	4	0	2	0	2	4	2	4
cell_189	0	2	0	0	4	0	0	2	0	0	2	2	2	0	2	4
cell_274	0	5	0	0	4	2	0	2	2	0	2	2	0	4	0	2
cell_436	5	0	2	0	0	4	2	2	3	0	2	0	5	2	3	5
cell_98	2	2	2	0	0	5	7	2	2	0	2	2	0	4	2	4
cell_9	6	2	8	3	0	0	0	2	5	2	2	2	0	0	2	4
cell_922	0	5	0	0	0	0	0	0	2	0	2	0	2	0	2	0
cell_65	0	2	0	5	2	0	0	2	0	0	2	0	0	4	2	4
cell_941	0	5	0	42	0	0	0	0	0	0	2	59	2	0	2	0
cell_94	24	2	3	5	2	5	0	2	0	0	2	0	2	4	2	4
cell_6	6	2	0	3	0	0	0	2	0	2	2	2	0	0	2	4
cell_344	10	2	0	3	0	2	0	2	2	0	2	2	4	0	0	2
cell_895	2	5	108	0	0	0	0	4	0	0	0	0	2	5	0	9
cell_81	0	2	3	5	2	0	59	2	4	0	2	0	2	4	2	4
cell_597	0	5	3	2	0	3	0	5	0	0	0	4	0	5	0	0
cell_353	2	0	0	0	0	2	0	2	2	2	2	2	0	2	0	2
cell_978	8	5	2	0	3	0	0	0	0	0	2	0	0	2	0	0
cell_1002	0	5	15	0	0	0	0	0	0	0	2	0	6	0	2	0
cell_987	0	5	0	0	3	5	0	3	0	0	2	0	0	2	2	0
cell_739	2	5	0	0	0	0	5	5	2	4	0	0	0	2	2	0
cell_968	0	5	0	0	0	0	2	0	0	0	2	0	0	0	0	0
cell_252	2	2	0	0	0	2	0	2	0	2	2	0	0	3	2	4
cell_834	2	5	0	0	5	2	0	4	0	2	0	0	2	0	0	9
cell_318	2	0	56	0	0	2	0	2	2	3	2	2	0	0	2	2
cell_778	0	5	0	5	0	0	0	8	0	2	0	3	0	8	8	9
cell_789	2	5	0	2	2	0	2	8	12	3	0	0	0	5	0	9
cell_804	0	5	0	0	0	0	0	5	0	0	0	0	0	0	0	9
cell_988	0	5	0	0	3	5	0	3	0	0	2	0	0	2	2	0
cell_520	0	5	0	0	2	0	0	5	0	0	0	2	0	0	0	0
cell_935	0	5	3	42	0	3	2	73	0	0	2	0	2	2	2	0
cell_482	0	0	2	0	5	5	0	2	2	2	2	0	5	0	0	10
cell_393	10	0	2	3	0	4	0	2	0	0	2	12	5	42	2	0
cell_158	0	2	0	0	2	3	3	2	3	2	2	2	0	6	2	4
cell_585	3	5	0	2	5	3	0	5	0	0	0	0	0	5	5	0
cell_817	0	5	0	5	0	0	0	0	0	0	0	0	8	0	3	9
cell_349	5	0	0	3	3	2	2	2	2	0	2	2	4	0	4	2
cell_185	0	2	2	0	4	0	0	2	13	0	2	2	2	0	2	4
cell_680	0	5	0	0	0	0	5	5	0	4	2	2	0	42	2	27
cell_320	2	0	56	0	0	2	0	2	2	3	2	2	0	0	2	2
cell_866	2	5	0	0	0	0	0	4	0	0	3	0	2	3	0	9
cell_1015	0	5	5	2	0	4	4	2	0	2	2	0	6	0	2	0
cell_956	0	5	2	42	0	5	2	0	0	4	2	0	2	0	2	0
cell_627	0	5	5	0	2	52	0	5	19	2	2	0	0	0	0	0
cell_506	0	5	2	0	5	0	48	2	8	11	2	0	5	0	0	10
cell_425	5	0	2	0	0	4	2	2	0	0	2	0	5	5	5	0
cell_333	2	0	0	3	0	2	0	2	2	0	2	2	0	0	0	2
cell_192	0	2	0	0	4	0	0	2	0	0	2	2	2	0	2	4
cell_5	6	2	0	3	0	0	0	2	0	2	2	2	0	0	2	4
cell_48	6	2	0	2	0	0	0	2	0	0	2	2	0	0	2	4
cell_146	0	2	5	0	0	3	0	2	3	2	2	2	0	0	2	4
cell_372	2	5	0	0	0	2	21	2	2	0	2	2	2	0	0	2
cell_273	0	5	0	0	4	2	0	2	2	0	2	2	0	4	0	2
cell_280	2	5	0	12	4	2	0	2	2	0	2	2	0	4	0	2
cell_216	2	2	0	2	0	2	0	2	3	0	2	0	0	2	2	4
cell_1010	2	5	0	0	2	0	5	0	0	2	2	0	6	0	0	0
cell_622	0	5	0	0	0	2	0	5	0	2	0	5	2	0	0	0
cell_262	0	5	2	3	0	2	0	2	2	3	2	2	0	5	0	2
cell_743	2	5	0	0	0	0	5	5	2	4	0	0	0	2	2	29
cell_548	0	5	0	0	2	5	0	5	0	2	0	0	0	0	0	0
cell_696	0	5	0	5	0	0	5	5	0	4	2	2	2	42	2	27
cell_386	0	0	2	3	2	4	0	2	0	0	2	0	5	42	2	0
cell_865	2	5	0	0	0	0	0	4	0	0	3	0	2	3	0	9
cell_313	2	0	56	0	0	2	0	2	2	3	2	2	0	0	0	2
cell_665	0	5	2	2	0	0	5	5	6	4	0	2	0	42	2	27
cell_760	4	5	0	0	0	2	5	5	2	4	2	2	0	2	2	59
cell_403	0	0	2	0	0	4	0	2	0	0	2	2	5	42	0	4
cell_686	2	5	4	0	0	0	5	5	0	4	2	2	0	42	2	27
cell_484	0	0	2	0	5	5	0	2	2	0	2	0	5	0	0	10
cell_957	0	5	0	42	0	5	2	0	0	4	2	0	2	0	2	0
cell_562	2	5	0	0	2	2	0	5	0	0	0	3	12	0	3	2
cell_999	0	5	0	0	0	2	0	0	2	0	2	0	6	0	2	0
cell_180	0	2	0	0	4	0	0	2	0	0	2	0	0	0	2	4
cell_692	0	5	0	0	0	0	5	5	0	4	2	2	0	42	2	27
cell_660	0	5	0	0	0	10	5	5	6	4	0	2	0	42	2	27
cell_221	2	2	0	2	0	2	2	2	3	0	2	3	0	0	2	4
cell_916	0	5	2	0	0	0	0	2	5	0	2	2	2	5	2	0
cell_920	0	5	2	0	0	0	0	0	0	0	2	2	2	5	2	0
cell_691	0	5	0	0	0	0	5	5	0	4	2	2	0	42	2	27
cell_160	0	2	0	2	0	3	3	2	3	2	2	2	0	6	2	4
cell_625	0	5	5	0	2	52	0	5	19	2	0	0	0	0	0	0
cell_314	2	0	56	0	0	2	0	2	2	3	2	2	0	0	0	2
cell_748	2	5	0	0	9	0	5	5	0	4	0	0	0	2	2	0
cell_448	5	0	2	3	3	4	2	2	0	0	2	0	5	0	0	0
cell_670	0	5	0	2	0	0	5	5	6	4	0	2	0	42	2	27
cell_662	0	5	0	0	0	10	5	5	6	4	0	2	0	42	2	27
cell_652	0	5	0	0	0	0	5	5	6	4	0	2	0	42	2	27
cell_275	0	5	2	0	4	2	0	2	2	0	2	2	0	4	0	2
cell_948	0	5	0	42	0	0	2	3	4	0	2	0	2	0	2	0
cell_489	0	0	2	0	5	5	3	2	2	0	2	0	5	0	0	10
cell_893	2	5	108	0	0	2	0	4	0	0	0	0	0	5	0	9
cell_25	6	2	0	3	0	0	0	2	0	2	2	2	0	0	2	4
cell_840	2	5	0	0	5	2	0	4	0	0	0	0	2	0	0	9
cell_912	0	5	0	2	0	0	0	2	0	4	2	2	2	12	2	2
cell_251	2	2	0	0	0	2	0	2	0	2	2	0	0	3	2	4
cell_298	0	0	0	0	0	2	3	2	2	3	2	2	0	11	0	2
cell_851	2	5	0	5	0	0	3	4	0	0	0	2	0	0	0	9
cell_551	0	5	0	0	2	0	0	5	0	2	0	0	0	0	0	0
cell_682	2	5	0	2	0	0	5	5	0	4	2	2	2	42	2	27
cell_223	2	2	0	2	0	2	2	2	3	0	2	3	0	2	2	4
cell_965	0	5	0	0	0	0	2	0	0	0	2	0	0	2	0	0
cell_265	0	5	0	0	0	2	0	2	2	0	2	2	2	5	0	2
cell_434	5	0	2	0	0	4	2	2	3	0	2	0	5	2	3	5
cell_942	0	5	0	42	0	0	0	0	0	0	2	59	2	0	2	0
cell_142	0	2	0	2	0	3	0	2	0	2	2	0	0	0	2	4
cell_528	0	5	0	0	2	2	5	5	0	0	0	2	0	0	0	2
cell_860	2	5	0	2	0	0	0	4	0	6	0	2	0	2	2	9
cell_179	0	2	0	0	4	0	0	2	0	0	2	0	0	0	2	4
cell_867	2	5	0	0	0	0	0	4	0	0	3	0	2	3	0	9
cell_245	2	2	0	0	0	2	2	2	0	2	2	0	0	8	2	4
cell_508	0	3	2	0	5	0	0	2	8	11	2	19	5	0	0	10
cell_290	0	0	0	0	0	2	5	2	2	3	2	2	0	0	3	2
cell_647	0	5	0	0	3	0	5	5	6	4	0	2	0	42	2	27
cell_151	6	2	0	0	35	3	0	2	3	2	2	2	0	0	2	4
cell_932	0	5	0	42	0	3	2	9	0	0	2	0	2	2	2	0
cell_799	0	5	0	0	2	0	0	8	0	2	0	0	0	5	21	9
cell_391	0	3	2	3	0	4	0	2	0	0	2	0	5	42	2	0
cell_766	4	5	0	3	5	0	5	5	0	4	0	2	0	2	2	3
cell_152	6	2	0	0	35	3	0	2	3	2	2	2	0	0	2	4
cell_697	0	5	0	0	0	0	5	5	0	4	2	2	0	42	2	27
cell_410	0	0	2	0	0	4	0	2	0	0	2	0	5	42	0	0
cell_658	0	5	0	0	0	10	5	5	6	4	0	2	0	42	2	27
cell_109	2	2	0	0	0	5	7	2	0	0	2	2	0	4	2	4
cell_418	5	0	2	0	2	4	2	2	0	5	2	0	5	5	0	2
cell_21	6	2	0	3	2	0	0	2	0	2	2	2	2	0	2	4
cell_447	5	0	2	3	3	4	2	2	0	0	2	0	5	0	0	0
cell_220	2	2	0	2	0	2	0	2	3	0	2	3	3	0	2	4
cell_581	0	5	0	2	0	3	2	5	0	2	0	0	3	5	0	0
cell_1023	0	5	0	26	2	0	0	2	0	0	2	0	6	0	0	0
cell_910	0	5	0	2	0	0	0	2	0	4	2	0	2	12	2	0
cell_181	0	2	0	0	4	0	0	2	0	0	2	0	0	0	2	4
cell_247	2	2	0	0	0	2	2	2	0	2	2	0	0	8	2	4
cell_855	2	5	0	0	0	0	3	4	4	0	0	2	0	0	0	9
cell_148	0	2	5	0	2	3	0	2	3	2	2	2	0	0	2	4
cell_977	8	5	2	0	3	0	0	0	0	0	2	0	0	2	0	0
cell_402	5	0	2	0	0	4	0	2	0	0	2	2	5	42	0	4
cell_537	5	5	0	0	2	0	0	5	0	0	0	4	5	0	3	3
cell_773	0	5	0	5	0	0	0	8	0	0	0	2	0	8	0	9
cell_655	0	5	0	0	0	0	5	5	6	4	0	2	0	42	2	27
cell_15	6	2	8	3	0	2	0	2	5	2	2	2	2	0	2	4
cell_830	0	5	0	0	0	0	2	0	0	0	3	0	2	0	0	9
cell_136	0	2	0	0	0	0	0	2	0	2	2	0	2	0	2	4
cell_845	2	5	0	2	5	2	0	4	0	0	0	0	2	13	0	9
cell_841	2	5	0	0	5	2	0	4	2	0	0	0	0	4	0	9
cell_405	0	0	2	0	27	4	0	2	0	0	2	2	5	42	5	0
cell_633	2	5	0	6	2	52	2	5	0	2	2	0	0	0	0	0
cell_947	0	5	0	42	0	0	2	3	4	0	2	0	2	0	2	0
cell_598	0	5	3	2	0	3	0	5	0	0	0	4	0	5	0	0
cell_512	0	0	2	0	5	0	4	2	8	0	2	0	5	0	0	10
cell_722	5	5	2	0	0	4	5	5	0	4	0	5	0	2	2	0
cell_340	0	4	2	3	0	2	0	2	2	0	2	2	4	0	2	2
cell_426	5	0	2	0	0	4	2	2	0	0	2	0	5	5	5	0
cell_377	2	0	0	4	0	2	0	2	2	0	2	2	2	6	0	2
cell_708	0	5	0	0	0	0	5	5	0	4	0	0	2	2	2	0
cell_772	2	5	0	5	0	0	0	8	0	0	0	0	0	8	0	9
cell_472	0	0	2	0	5	0	5	2	0	0	2	0	5	0	0	10
cell_608	0	5	0	2	0	3	0	5	3	2	0	0	2	5	0	0
cell_106	2	2	0	0	0	5	7	2	0	4	2	2	0	4	2	4
cell_535	0	5	0	0	2	9	0	5	2	0	0	0	0	0	0	0
cell_170	0	2	0	0	4	0	0	2	2	4	2	2	0	0	2	4
cell_357	2	0	0	50	0	2	0	2	2	2	2	2	2	2	8	2
cell_413	0	0	2	0	0	4	2	2	2	0	2	0	5	42	2	0
cell_488	0	0	2	0	5	5	0	2	2	0	2	0	5	0	0	10
cell_630	0	5	5	0	2	52	0	5	2	2	2	0	0	0	0	0
cell_445	5	0	2	3	0	4	2	2	11	0	2	0	5	0	0	0
cell_442	5	0	2	3	0	4	2	2	0	2	2	0	5	5	0	0
cell_881	2	5	0	2	3	0	5	4	0	3	0	0	0	2	0	9
cell_60	6	2	0	0	0	0	0	2	0	2	2	0	0	3	2	4
cell_411	2	0	2	0	0	4	0	2	0	0	2	0	5	42	0	0
cell_785	2	5	0	2	2	2	0	8	12	3	0	0	2	5	0	9
cell_1016	0	5	5	2	0	4	4	2	0	2	2	0	6	0	2	0
cell_695	0	5	0	5	0	0	5	5	0	4	2	2	2	42	2	27
cell_460	3	0	2	0	5	0	0	2	0	2	2	0	5	0	0	10
cell_440	5	0	2	2	0	4	2	2	3	0	2	0	5	2	3	0
cell_590	0	5	0	2	0	3	0	5	0	0	0	0	0	5	0	2
cell_814	0	5	0	3	0	0	0	5	0	0	0	5	5	0	2	9
cell_56	6	2	0	0	0	0	2	2	0	2	2	0	2	8	2	4
cell_1009	2	5	0	0	2	0	5	0	0	2	2	0	6	0	0	0
cell_129	0	2	0	0	0	0	0	2	0	2	2	2	0	0	2	4
cell_901	0	5	2	0	0	0	0	0	0	0	2	0	2	12	2	4
cell_455	3	0	2	0	5	0	0	2	5	0	2	0	5	0	9	10
cell_321	0	0	0	3	0	2	0	2	2	0	2	2	0	2	0	2
cell_844	2	5	0	0	5	2	0	4	2	0	0	0	0	4	0	9
cell_714	0	5	0	0	0	0	5	5	26	4	0	0	0	2	2	0
cell_422	5	2	2	0	0	4	2	2	0	5	2	0	5	5	0	0
cell_761	4	5	10	0	5	0	5	5	0	4	0	2	0	2	2	0
cell_213	2	2	0	2	0	2	0	2	3	0	2	0	0	2	2	4
cell_783	0	5	0	5	0	0	2	8	0	0	0	3	53	8	8	9
cell_452	3	0	2	0	5	0	0	2	0	0	2	0	5	29	9	10
cell_681	2	5	0	2	0	0	5	5	0	4	2	2	2	42	2	27
cell_428	5	0	2	0	0	4	2	2	0	0	2	0	5	12	5	0
cell_370	2	5	0	3	0	2	0	2	2	0	2	2	2	0	0	2
cell_962	0	5	0	0	0	0	0	0	0	0	2	0	0	21	2	0
cell_792	2	5	0	2	2	0	2	8	12	3	0	0	0	5	0	9
cell_327	0	2	2	3	10	2	0	2	2	0	2	2	0	2	0	2
cell_718	0	5	0	0	0	0	5	5	26	4	0	0	0	2	2	0
cell_399	0	0	2	3	0	4	0	2	0	0	2	12	5	42	2	0
cell_675	0	5	0	0	2	5	5	5	0	4	2	2	0	42	2	27
cell_52	6	2	0	0	0	0	0	2	0	2	2	0	2	0	2	4
cell_249	2	2	0	0	0	2	3	2	0	2	2	0	0	3	2	4
cell_362	2	0	2	0	0	2	2	2	2	2	2	2	2	2	0	2
cell_69	0	2	0	5	2	0	0	2	0	0	2	0	2	4	2	4
cell_782	0	5	0	5	0	0	2	8	0	0	0	3	53	8	8	9
cell_462	3	0	2	0	5	0	0	2	2	0	2	0	5	0	3	10
cell_820	2	5	2	0	0	0	0	0	0	0	0	4	8	0	3	9
cell_889	2	5	0	0	0	0	0	4	12	0	0	0	0	0	0	9
cell_416	2	0	2	5	0	4	0	2	2	0	2	0	5	42	0	0
cell_533	0	5	0	0	2	9	0	5	2	0	0	0	0	0	0	0
cell_287	0	5	2	0	4	2	0	2	2	0	2	2	0	4	14	2
cell_76	2	2	0	5	2	0	0	2	0	0	2	0	0	4	2	4
cell_753	4	5	0	0	0	2	5	5	0	4	0	2	0	2	2	0
cell_159	0	2	0	2	0	3	3	2	3	2	2	2	0	6	2	4
cell_383	2	0	2	0	0	2	0	2	2	0	2	2	2	0	0	2
cell_780	0	5	0	5	0	0	2	8	0	2	0	3	0	8	8	9
cell_902	0	5	2	0	0	0	0	0	0	0	2	0	2	12	2	4
cell_715	0	5	0	0	0	0	5	5	26	4	2	2	0	2	2	0
cell_266	0	5	0	0	0	2	0	2	2	0	2	2	2	5	0	2
cell_268	0	5	2	0	0	2	0	2	2	0	2	2	2	5	0	2
cell_991	0	5	0	0	3	5	0	3	0	11	2	0	0	2	0	0
cell_384	2	0	2	0	0	2	0	2	2	0	2	2	2	0	0	2
cell_496	0	0	2	0	5	5	3	2	2	0	2	0	5	0	4	10
cell_380	2	0	0	0	0	2	0	2	2	2	2	2	2	0	0	2
cell_738	2	5	0	0	0	0	5	5	2	4	0	0	0	2	2	0
cell_579	0	5	2	2	0	3	2	5	0	0	0	0	3	5	0	0
cell_704	0	5	0	0	0	0	5	5	0	4	2	2	0	42	2	27
cell_877	2	5	0	0	4	0	0	4	0	0	0	0	2	3	0	9
cell_557	5	5	0	0	2	0	0	5	0	0	0	0	0	0	0	0
cell_429	5	0	2	0	0	4	2	2	0	0	2	0	5	0	0	0
cell_688	2	5	4	0	0	0	5	5	2	4	2	2	0	42	2	27
cell_730	0	5	0	0	2	0	5	5	0	4	0	0	0	2	2	0
cell_55	6	2	0	0	0	0	2	2	0	2	2	0	2	8	2	4
cell_514	2	5	0	0	2	18	5	5	0	0	0	2	0	0	0	0
cell_884	2	5	8	2	3	0	0	4	0	3	0	0	0	2	2	9
cell_306	2	2	56	0	0	2	0	2	2	3	2	2	0	0	0	2
cell_451	3	0	2	0	5	0	0	2	0	0	2	0	5	29	9	10
cell_970	0	5	0	0	0	0	3	0	3	0	2	0	0	0	5	0
cell_218	2	2	0	2	0	2	0	2	3	0	2	3	3	0	2	4
cell_661	0	5	0	0	0	10	5	5	6	4	0	2	0	42	2	27
cell_182	0	2	0	0	4	0	0	2	0	0	2	0	0	0	2	4
cell_891	2	5	0	0	2	0	0	4	12	0	0	0	0	0	0	9
cell_612	3	5	0	0	0	0	0	5	0	2	0	5	0	0	0	32
cell_643	0	5	3	0	0	0	5	5	6	4	0	2	0	42	2	27
cell_915	0	5	2	0	0	0	0	2	5	0	2	2	2	5	2	0
cell_569	0	5	0	0	2	0	0	5	0	0	0	3	0	0	5	2
cell_91	24	2	3	5	2	0	0	2	0	0	2	0	2	4	2	4
cell_492	0	0	2	0	5	5	3	2	2	0	2	0	5	0	0	10
cell_487	0	0	2	0	5	5	0	2	2	0	2	0	5	0	0	10
cell_475	2	0	2	5	5	0	0	2	0	0	2	0	5	0	0	10
cell_134	0	2	0	0	0	0	0	2	2	2	2	0	2	0	2	4
cell_433	5	0	2	0	0	4	2	2	3	0	2	0	5	2	3	5
cell_509	0	0	2	0	5	0	0	2	8	0	2	0	5	0	0	10
cell_120	6	2	0	0	0	0	0	2	0	0	2	0	0	4	2	4
cell_928	3	5	0	0	0	0	0	0	2	0	2	0	2	0	2	3
cell_296	0	5	0	0	0	2	5	2	2	3	2	2	0	0	0	2
cell_130	0	2	0	0	0	0	0	2	0	2	2	2	0	0	2	4
cell_301	0	0	0	2	2	2	0	2	2	3	2	2	0	0	0	2
cell_931	0	5	0	42	0	3	2	9	0	0	2	0	2	2	2	0
cell_645	0	5	0	0	3	0	5	5	6	4	0	2	0	42	2	27
cell_409	0	0	2	0	0	4	0	2	0	0	2	0	5	42	0	0
cell_674	0	5	0	0	2	0	5	5	0	4	2	2	9	42	2	27
cell_997	0	5	2	0	0	2	0	0	2	0	2	0	6	0	2	0
cell_439	5	0	2	2	0	4	2	2	3	0	2	0	5	2	3	0
cell_534	0	5	0	0	2	9	0	5	2	0	0	0	0	0	0	0
cell_687	2	5	4	0	0	0	5	5	2	4	2	2	0	42	2	27
cell_530	0	5	0	0	2	0	3	5	0	0	0	2	0	0	0	0
cell_985	0	5	0	0	3	5	0	3	0	0	2	0	0	2	0	3
cell_57	6	2	0	0	0	0	0	2	0	2	2	0	0	3	2	4
cell_775	0	5	0	5	0	0	0	8	0	0	0	2	0	8	0	9
cell_949	0	5	0	42	0	0	2	0	4	0	2	2	2	0	2	0
cell_522	0	5	0	0	2	2	0	5	0	0	0	2	0	4	5	3
cell_672	0	5	2	2	0	0	5	5	6	4	0	2	0	42	2	27
cell_456	3	0	2	0	5	0	0	2	5	0	2	0	5	0	9	10
cell_312	2	0	56	0	11	2	0	2	2	3	2	2	0	0	0	2
cell_18	6	2	2	3	0	0	0	2	0	2	2	2	2	0	2	4
cell_863	2	5	0	0	0	0	0	4	0	0	0	2	0	0	12	9
cell_248	2	2	0	0	0	2	2	2	0	2	2	0	0	8	2	4
cell_677	0	5	0	0	0	0	5	5	0	4	2	2	0	42	2	27
cell_254	2	2	0	0	0	7	0	2	0	2	2	0	0	3	2	4
cell_371	2	5	0	0	0	2	21	2	2	0	2	2	2	0	0	2
cell_3	6	2	0	3	0	0	0	2	0	2	2	2	0	0	2	4
cell_974	0	5	0	0	0	0	0	0	0	0	2	2	0	0	5	2
cell_256	2	2	0	0	0	0	0	2	0	2	2	0	0	3	2	4
cell_59	6	2	0	0	0	0	0	2	0	2	2	0	0	3	2	4
cell_231	2	2	0	0	6	0	5	2	0	2	2	0	0	0	2	4
cell_58	6	2	0	0	0	0	0	2	0	2	2	0	0	3	2	4
cell_478	2	0	2	0	5	0	0	2	0	0	2	2	5	3	2	10
cell_474	2	0	2	2	5	0	0	2	0	0	2	0	5	2	0	10
cell_806	0	5	0	0	0	3	0	5	0	0	0	2	0	0	0	9
cell_819	2	5	2	0	0	0	0	0	0	0	0	4	8	0	3	9
cell_230	2	2	0	0	6	0	5	2	0	2	2	42	0	0	2	4
cell_326	0	2	2	3	0	2	0	2	2	0	2	2	0	2	0	2
cell_706	0	5	0	0	0	0	5	5	0	4	0	0	2	2	2	0
cell_118	6	2	2	5	0	3	0	2	0	0	2	0	0	4	2	4
cell_771	2	5	0	5	0	0	0	8	0	0	0	0	0	8	0	9
cell_531	0	5	8	0	2	0	0	5	0	0	0	0	0	0	8	0
cell_30	6	2	0	3	0	0	0	2	0	2	2	2	0	0	2	4
cell_909	0	5	0	2	0	0	0	2	0	4	2	0	2	12	2	0
cell_639	0	5	0	0	2	52	2	5	0	2	0	0	0	2	0	4
cell_690	0	5	0	0	0	0	5	5	0	4	2	2	0	42	2	27
cell_113	6	2	0	0	0	0	0	2	0	0	2	0	0	4	2	4
cell_215	2	2	0	2	0	2	0	2	3	0	2	0	0	2	2	4
cell_175	0	2	0	0	4	9	0	2	2	2	2	2	0	0	2	4
cell_582	0	5	0	2	0	3	2	5	0	2	0	0	3	5	0	0
cell_303	0	0	0	2	0	2	0	2	2	3	2	2	11	0	0	2
cell_293	0	5	0	0	0	2	5	2	2	3	2	2	0	0	0	2
cell_699	0	5	0	8	0	0	5	5	0	4	2	2	0	42	2	27
cell_97	2	2	2	0	0	5	7	2	2	0	2	2	0	4	2	4
cell_126	0	2	0	0	0	3	2	2	0	0	2	0	0	4	2	4
cell_11	6	2	8	3	0	0	0	2	5	2	2	2	0	0	2	4
cell_921	0	5	0	0	0	0	0	0	2	0	2	0	2	0	2	0
cell_62	6	2	0	0	0	0	0	2	0	2	2	0	0	0	2	4
cell_503	2	3	2	0	5	0	2	2	0	0	2	0	5	0	2	10
cell_515	2	5	0	0	2	0	5	5	0	0	0	2	0	0	0	0
cell_188	0	2	2	0	4	0	0	2	13	0	2	2	2	0	2	4
cell_807	15	5	0	0	0	0	0	5	0	21	0	2	5	0	0	9
cell_709	0	5	0	2	2	0	5	5	0	4	0	0	0	2	2	2
cell_629	0	5	5	0	2	52	0	5	2	2	2	0	0	0	0	0
cell_187	0	2	2	0	4	0	0	2	13	0	2	2	2	0	2	4
cell_341	0	2	0	3	0	2	0	2	2	0	2	2	4	0	0	2
cell_798	5	5	0	0	2	0	0	8	0	2	0	0	0	5	21	9
cell_821	2	5	2	0	0	0	0	0	0	15	0	0	0	0	0	9
cell_937	2	5	0	42	0	0	0	0	0	0	2	0	2	0	2	0
cell_870	2	5	0	0	0	0	0	4	0	3	0	0	2	3	0	9
cell_1004	0	5	0	0	0	0	0	0	0	0	2	0	6	0	2	0
cell_992	0	5	0	0	3	5	0	3	0	11	2	0	0	2	0	0
cell_395	0	0	2	3	0	4	0	2	0	4	2	12	5	42	2	0
cell_71	0	2	0	5	2	0	0	2	0	0	2	0	0	4	2	4
cell_271	0	5	0	0	0	2	0	2	2	0	2	2	0	5	4	2
cell_79	0	2	0	5	2	0	0	2	0	0	2	0	0	4	2	4
cell_966	0	5	0	0	0	0	2	0	0	0	2	0	0	2	0	0
cell_862	2	5	0	0	0	0	0	4	53	0	0	2	0	0	12	9
cell_39	6	2	0	2	0	0	0	2	0	0	2	0	0	0	2	4
cell_756	4	5	0	0	0	2	5	5	0	4	0	2	0	2	2	5
cell_572	0	5	0	0	2	0	2	5	2	0	0	3	0	0	5	2
cell_110	2	2	0	0	0	5	7	2	0	0	2	2	0	4	2	4
cell_378	2	0	0	4	0	2	0	2	2	0	2	2	2	6	0	2
cell_93	24	2	3	5	2	5	0	2	0	0	2	0	2	4	2	4
cell_379	2	0	0	0	0	2	0	2	2	2	2	2	2	0	0	2
cell_66	0	2	0	5	2	0	0	2	0	0	2	0	0	4	2	4
cell_713	0	5	0	0	0	0	5	5	26	4	0	0	0	2	2	0
cell_711	0	5	0	5	0	0	5	5	0	4	0	0	3	2	2	2
cell_694	0	5	0	0	0	0	5	5	0	4	2	2	0	42	2	27
cell_229	2	2	0	0	6	0	5	2	0	2	2	42	0	0	2	4
cell_83	0	2	3	5	2	0	59	2	4	0	2	0	2	4	2	4
cell_972	0	5	0	3	0	0	0	0	3	0	2	0	0	0	5	0
cell_491	0	0	2	0	5	5	3	2	2	0	2	0	5	0	0	10
cell_767	4	5	0	0	5	0	5	5	0	4	0	2	0	2	2	3
cell_338	5	0	0	3	0	2	0	2	2	0	2	2	4	0	0	2
cell_859	2	5	0	2	0	0	0	4	0	6	0	2	0	2	2	9
cell_70	0	2	0	5	2	0	0	2	0	0	2	0	2	4	2	4
cell_871	2	5	0	0	0	0	0	4	0	3	0	0	2	3	0	9
cell_102	2	2	0	0	0	5	7	2	2	0	2	2	0	4	2	4
cell_833	2	5	0	0	5	2	0	4	0	2	0	0	2	0	0	9
cell_563	2	5	0	0	2	2	0	5	0	0	0	3	0	0	3	2
cell_801	0	5	0	0	0	0	8	5	0	12	0	0	0	0	0	9
cell_269	0	5	0	0	0	2	0	2	2	0	2	2	5	5	4	2
cell_576	0	5	2	0	2	0	0	5	0	0	0	3	0	0	5	2
cell_494	2	2	2	0	5	5	3	2	2	0	2	0	5	0	4	10
cell_926	3	5	0	0	0	0	0	4	2	0	2	0	2	0	2	0
cell_89	24	2	3	5	2	0	0	2	0	0	2	0	2	4	2	4
cell_732	0	5	3	0	2	2	5	5	0	4	0	0	0	2	2	0
cell_727	0	5	0	2	0	4	5	5	0	4	0	0	0	2	2	0
cell_1024	0	5	0	26	2	0	0	2	0	0	2	0	6	0	0	0
cell_733	0	5	0	0	2	0	5	5	0	4	0	0	0	2	2	0
cell_16	6	2	8	3	0	2	0	2	5	2	2	2	2	0	2	4
cell_359	2	0	0	0	0	2	0	2	2	2	2	2	0	2	8	2
cell_610	0	5	0	0	0	0	0	5	3	2	0	5	0	0	0	0
cell_669	0	5	0	2	0	0	5	5	6	4	0	2	0	42	2	27
cell_435	5	0	2	0	0	4	2	2	3	0	2	0	5	2	3	5
cell_29	6	2	0	3	0	0	0	2	0	2	2	2	0	0	2	4
cell_644	0	5	3	0	0	0	5	5	6	4	0	2	0	42	2	27
cell_620	0	5	0	0	0	0	0	5	0	2	0	5	0	5	0	0
cell_162	0	2	0	0	4	0	0	2	2	0	2	0	0	2	2	4
cell_388	0	0	2	3	2	4	0	2	0	0	2	0	5	42	2	0
cell_897	0	5	0	0	2	0	0	0	0	0	2	0	2	12	2	0
cell_423	5	0	2	0	0	4	2	2	0	5	2	0	5	5	0	0
