V1	V2	V3	V4	V5	V6	V7	V8	V9	V10	V11	V12	V13	V14	V15	V16
cell_316	2	0	0	0	0	2	2	0	0	0	0	2	0	0	2	0
cell_24	2	12	2	0	2	0	4	0	3	0	2	2	2	0	0	0
cell_419	0	0	0	0	0	2	19	2	3	0	2	2	0	0	0	0
cell_164	5	12	0	0	3	2	2	0	5	0	0	2	0	0	0	0
cell_293	0	0	0	2	0	0	5	0	0	0	0	2	0	0	2	0
cell_562	5	0	0	0	0	5	0	0	0	0	0	0	2	3	5	2
cell_780	0	2	0	12	2	0	0	0	0	0	0	0	0	3	2	2
cell_623	5	0	5	0	0	0	2	2	0	3	2	0	2	3	0	0
cell_648	2	0	0	2	0	0	4	0	0	0	2	0	0	3	0	4
cell_265	11	3	0	0	0	0	0	0	2	0	0	2	0	5	2	0
cell_84	5	12	0	0	0	0	0	0	0	0	2	2	2	0	0	2
cell_738	0	3	6	0	0	0	2	0	0	0	0	0	2	3	61	0
cell_547	5	0	0	0	0	5	0	0	0	0	0	2	0	3	5	2
cell_78	0	12	0	0	0	0	0	0	0	0	2	2	2	0	0	0
cell_284	0	3	0	0	0	0	0	5	0	0	4	2	0	0	2	0
cell_314	2	0	0	0	0	2	2	0	5	2	0	2	0	0	2	0
cell_681	0	0	0	2	0	0	2	0	5	0	0	5	0	3	2	2
cell_552	5	0	0	0	0	5	0	0	0	0	0	0	0	3	5	2
cell_739	0	3	6	0	0	0	0	0	0	0	0	0	2	3	61	0
cell_234	5	12	0	0	5	0	0	0	5	0	0	2	0	0	0	0
cell_353	0	0	0	48	0	0	2	0	0	0	0	2	0	0	0	0
cell_219	5	12	5	0	5	0	0	0	0	0	2	2	2	0	0	0
cell_551	5	0	0	0	0	5	0	0	0	0	0	0	0	3	5	2
cell_843	0	0	2	0	2	8	0	5	0	0	0	0	0	3	2	0
cell_477	0	2	0	0	4	0	0	0	0	0	5	2	0	0	2	0
cell_395	0	5	0	0	0	0	19	4	0	0	0	2	0	0	0	0
cell_913	0	0	4	2	2	0	0	0	0	0	3	0	0	3	0	0
cell_667	0	0	2	24	0	0	0	2	0	0	0	2	0	3	0	0
cell_50	0	12	0	4	0	0	0	0	0	2	2	2	2	0	0	0
cell_884	5	0	0	0	2	8	0	5	5	0	0	0	0	3	2	0
cell_377	0	0	0	0	0	0	0	0	0	0	2	2	0	0	0	0
cell_697	0	0	19	0	0	0	0	0	0	0	2	0	0	3	0	2
cell_252	5	12	12	0	5	6	0	0	0	0	0	2	0	4	0	2
cell_791	0	2	0	0	2	0	0	0	0	0	0	0	0	3	2	0
cell_159	5	12	0	0	0	2	0	0	0	2	0	2	0	0	0	5
cell_484	2	3	0	0	4	0	0	0	0	0	0	2	0	3	0	0
cell_897	0	0	4	0	2	2	0	0	0	0	8	0	11	3	0	2
cell_415	0	5	2	0	0	0	19	0	0	0	0	2	0	0	0	0
cell_750	0	0	6	0	0	0	2	3	0	0	0	0	2	3	61	0
cell_839	0	3	2	0	2	8	0	5	0	0	0	0	0	3	0	0
cell_322	0	0	0	0	0	0	0	10	11	0	0	2	0	0	0	0
cell_271	11	3	0	0	0	0	0	0	0	0	0	2	3	5	2	0
cell_1001	2	0	0	0	2	0	0	5	0	0	0	0	3	3	0	2
cell_277	2	3	0	0	0	0	0	5	0	0	0	2	0	0	2	0
cell_874	0	0	2	0	2	8	0	5	0	0	2	0	0	3	2	0
cell_428	0	0	0	3	0	2	19	0	0	0	0	2	2	0	0	5
cell_624	5	0	5	0	0	0	2	2	0	3	2	0	2	3	0	0
cell_1023	5	0	0	0	2	0	2	5	0	0	0	0	2	3	0	0
cell_408	0	5	2	0	0	0	19	0	0	0	3	2	0	0	0	0
cell_981	0	0	0	0	2	0	0	0	0	0	0	0	5	3	2	0
cell_95	5	12	0	0	0	0	0	0	2	0	2	2	2	0	0	0
cell_1002	2	0	0	0	2	0	0	5	0	0	0	0	3	3	0	2
cell_514	5	0	2	0	0	0	5	0	0	0	0	0	0	3	5	2
cell_242	5	12	0	0	5	0	0	0	0	0	0	2	0	4	0	0
cell_387	8	5	0	4	0	0	19	0	0	0	0	2	0	0	0	0
cell_714	0	0	6	0	0	0	0	3	0	0	0	2	2	3	0	0
cell_666	0	0	0	24	0	0	0	2	0	0	0	0	0	3	0	0
cell_341	0	0	0	2	0	0	0	0	0	5	2	2	0	0	0	0
cell_759	0	0	6	3	0	0	5	0	0	0	26	0	2	3	0	0
cell_944	0	5	0	2	2	0	0	0	0	2	0	0	0	3	0	24
cell_827	4	0	0	0	2	0	0	0	0	0	0	0	0	3	0	0
cell_773	0	0	0	0	2	0	0	0	0	0	0	0	0	3	2	2
cell_174	5	12	0	0	3	2	2	0	5	0	0	2	0	2	0	3
cell_620	5	2	5	0	2	0	2	0	0	8	0	0	0	3	0	0
cell_607	5	0	0	0	0	0	2	0	0	0	11	0	0	3	0	0
cell_146	5	12	4	0	0	0	0	0	2	5	0	2	0	0	0	0
cell_726	0	0	6	0	0	0	2	0	0	0	2	0	2	3	0	2
cell_538	5	5	2	0	0	0	2	2	0	5	0	0	0	3	5	2
cell_589	5	0	2	3	0	2	2	10	0	0	0	0	2	3	0	0
cell_14	0	12	0	2	0	0	2	5	0	0	2	2	2	2	0	0
cell_535	5	0	2	0	0	2	0	2	0	0	0	0	0	3	5	2
cell_616	5	0	0	0	0	0	2	0	0	0	5	0	0	3	0	2
cell_345	0	0	0	0	2	0	2	0	0	0	2	2	2	0	0	0
cell_10	0	12	0	0	0	0	2	0	0	0	2	2	2	0	0	0
cell_923	0	0	4	2	2	20	0	0	0	0	3	0	0	3	0	0
cell_366	0	0	0	2	0	0	0	0	0	0	2	2	0	0	2	0
cell_325	0	0	0	2	0	2	0	0	0	0	0	2	0	0	0	0
cell_784	0	2	0	12	2	0	0	0	0	0	0	0	0	3	2	2
cell_805	4	0	0	0	2	2	0	0	0	2	0	8	0	3	0	0
cell_895	0	0	0	0	2	8	0	5	0	0	0	0	2	3	0	0
cell_801	4	0	0	0	2	0	0	0	0	0	0	0	4	3	0	0
cell_779	0	2	0	12	2	0	0	0	0	0	0	0	0	3	2	2
cell_499	2	3	0	0	4	2	3	2	0	0	0	2	0	0	0	0
cell_670	0	3	0	0	0	0	0	2	0	0	0	0	0	3	0	0
cell_11	0	12	0	0	0	0	2	0	0	0	2	2	2	0	0	2
cell_564	5	0	0	0	0	5	0	0	0	0	0	0	2	3	5	2
cell_390	0	5	0	0	0	0	19	0	0	2	0	2	0	3	2	21
cell_454	0	0	0	0	4	0	0	0	0	0	5	2	5	0	2	0
cell_693	0	0	0	0	0	0	0	0	0	0	0	0	2	3	0	2
cell_88	5	12	0	0	0	0	0	0	0	0	2	2	2	0	0	2
cell_459	0	0	0	8	4	0	0	5	0	0	5	2	0	0	2	0
cell_787	0	2	2	0	2	0	0	0	0	0	0	0	8	3	2	0
cell_91	5	12	0	5	3	0	2	0	0	0	2	2	2	0	0	0
cell_816	4	0	0	0	2	0	0	0	0	0	0	0	0	3	0	0
cell_445	0	0	0	0	0	0	19	0	0	0	0	2	0	0	0	2
cell_189	5	12	0	0	3	0	0	0	0	0	0	2	2	0	0	0
cell_752	0	0	6	3	0	0	2	3	0	0	0	0	2	3	61	2
cell_855	0	0	0	0	2	8	0	5	2	0	0	0	0	3	0	0
cell_615	5	0	0	0	0	0	2	0	0	0	5	0	0	3	0	2
cell_899	0	0	4	0	2	2	0	0	0	0	8	0	11	3	3	2
cell_612	5	0	0	2	2	0	2	0	0	0	2	0	0	3	0	0
cell_762	0	0	6	0	0	0	5	0	0	0	0	5	2	3	2	0
cell_955	0	5	0	5	2	0	0	2	0	0	0	5	0	3	0	0
cell_550	5	0	0	0	0	5	0	0	0	0	0	0	0	3	5	2
cell_804	4	0	0	0	2	9	0	0	0	0	0	0	4	3	0	5
cell_829	4	0	0	0	2	0	0	3	0	0	0	0	0	3	0	0
cell_927	0	0	4	2	2	20	0	0	0	0	3	0	2	3	0	2
cell_253	5	12	0	0	5	0	0	0	0	0	0	2	0	4	0	0
cell_294	0	0	0	2	0	0	5	0	0	0	0	2	0	0	2	0
cell_436	0	0	0	0	0	0	19	19	0	0	0	2	0	0	0	0
cell_410	0	5	2	0	0	4	19	0	0	0	0	2	5	0	0	2
cell_571	5	19	0	2	0	5	0	0	0	0	0	0	0	3	5	2
cell_69	5	12	3	2	0	0	0	0	0	0	2	2	2	0	0	0
cell_266	11	3	0	0	0	0	0	0	2	0	0	2	0	5	2	0
cell_745	0	0	6	0	0	0	2	3	0	0	0	0	2	3	61	0
cell_76	0	12	0	2	0	0	0	0	0	0	2	2	2	0	0	0
cell_372	0	0	0	0	2	0	0	0	0	2	0	2	0	0	0	4
cell_675	0	0	0	2	0	0	0	0	5	0	0	0	0	3	0	2
cell_70	5	12	3	2	0	0	0	0	0	0	2	2	2	0	0	0
cell_384	0	0	0	3	0	0	0	0	0	0	2	2	0	0	0	0
cell_567	5	2	0	0	0	5	0	0	0	0	0	0	2	3	5	2
cell_727	0	0	6	0	0	0	2	0	0	0	2	0	2	3	0	0
cell_441	0	0	0	0	0	0	19	0	0	0	0	2	0	0	0	2
cell_866	0	0	0	0	2	8	5	5	0	0	2	0	0	3	2	0
cell_629	5	0	0	0	0	0	2	0	2	2	0	0	0	3	0	2
cell_258	0	3	0	5	0	0	0	2	0	2	0	2	0	0	2	0
cell_580	5	0	2	0	67	2	2	10	0	0	0	0	0	3	0	0
cell_775	0	0	0	0	2	0	0	0	0	0	0	0	0	3	2	2
cell_686	0	0	0	2	0	0	2	0	5	0	0	5	0	3	0	2
cell_819	4	0	0	0	2	0	0	0	0	0	0	0	0	3	0	5
cell_522	5	0	2	0	0	0	0	0	0	0	0	5	2	3	5	2
cell_1008	0	0	0	0	2	0	0	5	0	0	0	0	3	3	3	0
cell_157	5	12	0	0	0	2	0	0	0	2	0	2	0	0	0	5
cell_158	5	12	0	0	0	2	0	0	0	2	0	2	0	0	0	5
cell_586	5	0	2	3	0	2	2	10	0	0	0	0	16	3	0	0
cell_401	0	5	2	0	0	2	19	0	0	0	0	2	0	0	0	0
cell_364	0	0	0	0	0	0	0	0	0	0	0	2	0	0	0	0
cell_39	0	12	2	4	0	0	0	0	0	2	2	2	2	0	0	0
cell_559	5	0	0	0	0	5	0	0	0	0	0	2	2	3	5	2
cell_946	0	5	0	0	2	0	0	0	0	2	0	0	0	3	73	0
cell_486	2	3	0	0	4	0	0	0	14	0	0	2	0	3	0	0
cell_42	0	12	0	4	7	0	0	0	0	0	2	2	2	0	0	0
cell_701	0	5	19	2	0	0	0	0	0	0	0	0	0	3	0	2
cell_192	5	12	0	0	3	0	0	0	0	0	0	2	2	0	0	0
cell_45	0	12	0	4	0	0	0	0	0	0	2	2	2	0	0	0
cell_914	0	0	4	2	2	0	0	0	0	0	3	0	0	3	0	0
cell_108	0	12	0	0	0	0	0	2	3	0	2	2	2	0	2	0
cell_241	5	12	0	0	5	0	0	0	0	0	0	2	0	4	0	0
cell_405	0	5	2	0	0	0	19	0	0	0	3	2	0	0	0	0
cell_916	0	0	4	2	2	0	0	0	0	0	3	0	4	3	0	0
cell_824	4	0	0	0	2	0	0	0	0	0	0	0	0	3	0	0
cell_210	5	12	5	2	5	0	0	0	0	0	0	2	0	0	0	0
cell_614	5	0	0	2	0	0	2	0	0	0	5	0	0	3	0	0
cell_334	0	2	0	0	0	0	0	0	0	0	0	2	0	0	0	0
cell_46	0	12	0	4	0	0	0	0	0	0	2	2	2	0	0	0
cell_720	0	0	6	0	0	0	0	3	0	0	0	2	2	3	0	2
cell_851	0	0	0	0	2	8	0	5	0	0	0	0	0	3	0	0
cell_574	5	0	0	2	0	5	0	0	0	0	0	3	0	3	5	2
cell_361	5	0	0	0	0	0	0	0	0	0	0	2	0	0	0	0
cell_532	5	0	2	0	0	2	0	2	0	0	0	0	0	3	5	2
cell_770	0	0	0	0	2	0	0	0	5	3	0	0	0	3	2	2
cell_427	0	0	0	3	0	2	19	0	0	0	0	2	2	0	0	5
cell_717	0	59	6	0	0	0	2	3	0	0	0	2	2	3	0	2
cell_292	0	0	0	2	0	0	5	0	0	0	0	2	0	0	2	0
cell_121	0	12	0	0	0	0	0	0	5	0	2	2	2	0	0	0
cell_892	0	2	4	0	2	8	0	5	0	0	0	0	0	3	0	0
cell_643	0	0	0	2	0	3	0	0	0	0	10	0	0	3	0	4
cell_85	5	12	0	0	0	0	0	0	0	0	2	2	2	0	0	2
cell_818	4	0	0	0	2	0	0	0	0	2	0	0	0	3	0	5
cell_796	0	2	0	0	2	9	3	2	0	2	0	0	0	3	2	2
cell_699	0	0	19	0	0	0	0	0	0	0	2	0	0	3	0	2
cell_591	5	0	2	3	0	2	2	10	0	0	0	0	2	3	0	0
cell_929	0	0	0	0	2	0	0	3	5	0	0	0	5	3	0	0
cell_328	0	0	0	2	14	0	0	0	0	0	0	2	0	0	0	0
cell_403	0	5	2	0	0	0	19	0	0	0	5	2	0	0	3	0
cell_540	5	5	2	0	0	0	0	2	0	5	0	0	0	3	5	2
cell_8	12	12	0	0	0	0	0	0	0	0	2	2	2	0	4	0
cell_154	5	12	0	0	0	2	0	0	0	0	0	2	0	0	0	5
cell_533	5	0	2	0	0	2	0	2	0	3	0	0	0	3	5	2
cell_611	5	0	0	2	2	0	2	0	0	0	2	0	0	3	0	0
cell_883	5	0	0	0	2	8	0	5	5	0	0	0	0	3	2	0
cell_3	2	12	0	0	0	0	0	0	0	0	2	2	2	0	4	0
cell_985	0	0	0	0	2	4	0	2	2	0	2	0	5	3	0	0
cell_340	0	0	0	2	0	0	0	0	0	0	2	2	0	3	0	0
cell_201	5	12	0	0	5	2	0	0	0	0	0	2	0	0	0	0
cell_958	0	5	0	0	2	0	0	2	0	0	0	0	8	3	0	0
cell_654	0	0	0	0	0	0	0	0	2	0	0	0	5	3	0	0
cell_168	5	12	0	0	3	2	2	0	5	0	0	2	0	0	0	0
cell_501	2	3	0	0	4	0	3	0	0	0	0	2	0	0	0	0
cell_799	3	2	0	23	2	0	3	2	0	0	0	0	0	3	2	0
cell_327	0	0	0	2	14	0	0	0	0	0	0	2	0	0	0	0
cell_889	0	0	0	0	2	8	0	5	0	0	0	0	0	3	0	0
cell_1015	0	0	0	2	2	0	0	5	0	0	0	5	2	3	0	0
cell_435	0	0	0	0	0	0	19	19	0	0	0	2	0	0	0	0
cell_359	0	0	0	0	0	0	4	0	0	0	0	2	0	0	0	0
cell_67	5	12	0	0	0	0	0	0	0	0	2	2	2	0	0	0
cell_853	0	0	0	0	2	8	0	5	2	0	0	0	0	3	0	5
cell_590	5	0	2	3	0	2	2	10	0	0	0	0	2	3	0	0
cell_992	0	0	0	2	2	0	0	2	0	0	2	0	5	3	0	0
cell_176	5	12	0	0	3	2	2	0	5	0	2	2	0	2	0	0
cell_548	5	0	0	0	0	5	0	0	0	0	0	2	0	3	5	2
cell_575	5	0	0	0	0	5	0	0	0	0	0	3	0	3	5	2
cell_597	5	2	0	0	0	0	2	0	0	2	4	2	0	3	2	0
cell_942	0	0	0	2	2	0	0	0	0	2	4	0	0	3	0	0
cell_659	2	0	2	0	5	0	0	2	4	0	0	0	0	3	4	0
cell_338	0	0	0	2	0	0	0	0	0	0	2	2	0	0	0	0
cell_630	5	0	0	0	0	0	2	0	2	2	0	0	0	3	0	2
cell_650	0	0	0	0	0	0	0	0	0	0	0	0	0	3	0	0
cell_744	0	3	6	0	0	0	0	0	0	0	0	0	2	3	61	0
cell_247	5	12	0	0	5	0	0	2	0	0	0	2	0	4	0	0
cell_971	0	2	0	0	2	0	0	0	0	0	0	0	5	3	0	0
cell_169	5	12	0	0	3	2	2	0	5	0	0	2	0	2	0	0
cell_906	0	0	4	2	2	2	0	0	0	0	8	0	2	3	0	2
cell_556	5	0	0	0	0	5	0	0	0	0	0	0	0	3	5	2
cell_698	0	0	19	0	0	0	0	0	0	0	2	0	0	3	0	2
cell_765	0	0	6	0	0	0	5	0	0	0	0	0	2	3	2	0
cell_333	0	2	0	0	0	0	0	0	0	0	0	2	0	0	0	0
cell_98	2	12	0	0	0	0	0	2	0	0	2	2	2	0	2	0
cell_782	0	2	0	12	2	0	0	0	0	0	0	0	0	3	2	2
cell_457	0	0	0	8	4	0	0	5	0	0	5	2	0	0	2	0
cell_963	0	0	2	7	2	0	0	0	0	0	0	0	5	3	0	0
cell_845	0	0	2	0	2	8	0	5	0	4	0	0	0	3	2	2
cell_636	5	0	0	0	0	0	2	0	0	2	0	50	0	3	0	0
cell_204	5	12	0	0	5	2	2	0	0	0	0	2	0	0	0	0
cell_320	0	0	0	0	0	2	0	0	0	5	0	2	0	0	2	0
cell_582	5	0	2	0	0	2	2	10	0	0	0	0	0	3	0	0
cell_869	0	0	0	2	2	8	0	5	0	0	2	0	0	3	2	0
cell_925	0	0	4	2	2	20	0	0	0	0	3	0	2	3	0	2
cell_545	5	0	0	0	0	5	0	0	0	0	0	0	0	3	5	2
cell_531	5	0	2	0	0	2	0	2	0	0	0	0	0	3	5	2
cell_800	3	2	0	23	2	0	3	2	0	0	0	0	0	3	2	0
cell_267	11	3	0	0	0	0	0	0	0	0	0	2	0	5	2	4
cell_420	0	0	0	0	0	2	19	2	3	0	2	2	0	0	0	0
cell_691	0	0	0	0	0	0	0	0	0	0	0	0	2	3	0	2
cell_274	2	3	5	0	0	0	0	5	3	0	0	2	0	0	2	0
cell_350	0	0	0	0	0	0	0	0	0	0	2	2	0	0	0	0
cell_296	0	0	0	2	0	0	0	0	0	0	0	2	0	0	2	0
cell_1016	0	0	0	2	2	0	0	5	0	0	0	5	2	3	0	0
cell_713	0	0	6	0	0	0	0	3	0	0	0	2	2	3	0	0
cell_231	5	12	0	0	5	0	2	0	0	0	0	2	0	0	0	0
cell_842	0	0	2	0	2	8	0	5	0	0	0	0	0	3	2	0
cell_124	0	12	0	0	0	0	0	0	0	0	2	2	2	0	0	0
cell_890	0	0	0	0	2	8	0	5	0	0	0	0	0	3	0	0
cell_502	2	3	0	0	4	0	3	0	0	0	0	2	0	0	0	0
cell_172	5	12	0	0	3	2	2	0	5	0	0	2	0	2	0	0
cell_642	0	0	0	2	0	2	0	0	0	0	0	0	0	3	0	4
cell_305	2	0	0	0	0	0	3	0	0	0	0	2	0	0	2	0
cell_227	5	12	0	0	5	0	0	11	0	0	0	2	0	0	0	0
cell_437	0	0	0	0	0	3	19	0	0	0	0	2	0	0	0	0
cell_299	2	0	0	2	0	2	0	0	0	0	0	2	0	0	2	0
cell_262	0	3	0	5	0	0	0	2	0	0	0	2	0	0	2	2
cell_480	0	2	0	0	4	0	0	0	2	0	5	2	0	0	2	0
cell_190	5	12	0	0	3	0	0	0	0	0	0	2	2	0	0	0
cell_323	0	5	0	0	3	0	0	10	0	0	0	2	2	0	2	0
cell_969	0	0	0	0	2	0	0	0	2	0	0	0	5	3	0	0
cell_200	5	12	2	0	5	0	0	0	0	4	0	2	0	0	0	0
cell_835	0	3	2	0	2	8	2	5	2	0	0	0	8	3	0	0
cell_20	2	12	2	0	0	0	4	0	3	0	2	2	2	0	0	0
cell_960	0	5	0	0	2	0	0	2	0	0	0	0	8	3	0	0
cell_330	0	0	0	0	0	0	0	0	0	0	0	2	0	0	0	0
cell_202	5	12	0	0	5	2	0	0	0	0	0	2	0	0	0	0
cell_592	5	0	2	3	0	2	2	10	0	0	0	0	2	3	0	0
cell_336	0	0	0	0	0	0	0	0	0	0	0	2	0	0	0	0
cell_26	0	12	0	0	0	0	0	3	0	0	2	2	2	0	0	0
cell_608	5	0	0	0	0	0	2	0	0	0	11	0	0	3	0	0
cell_385	8	5	0	0	0	0	19	0	0	0	0	2	0	0	0	0
cell_505	2	3	0	0	4	0	0	0	0	0	0	2	0	0	0	0
cell_380	0	0	0	0	0	0	0	0	0	0	2	2	0	0	0	2
cell_668	0	0	2	24	0	0	0	2	0	0	0	2	0	3	0	0
cell_131	5	12	0	0	0	0	0	0	0	0	0	2	2	0	0	0
cell_315	2	0	0	0	0	2	2	0	0	0	0	2	0	0	2	0
cell_137	5	12	0	0	0	0	0	0	0	0	0	2	2	0	0	0
cell_256	5	12	0	0	5	0	0	0	0	0	0	2	0	4	0	0
cell_793	0	2	0	0	2	0	3	0	0	0	0	0	0	3	2	2
cell_1013	0	0	0	2	2	0	0	5	0	0	0	5	2	3	0	0
cell_374	0	0	0	0	2	0	2	6	0	0	0	2	0	0	0	0
cell_625	5	0	0	2	0	2	2	0	2	2	0	0	0	3	0	0
cell_424	0	0	0	0	0	2	19	0	0	0	0	2	0	0	0	2
cell_952	0	5	0	0	2	0	0	0	0	0	0	0	0	3	0	0
cell_376	0	0	0	0	2	0	0	6	0	0	0	2	0	0	0	0
cell_777	0	2	0	12	2	0	0	0	0	0	0	0	0	3	2	2
cell_789	0	2	0	0	2	0	0	0	0	0	0	0	0	3	2	0
cell_600	5	2	0	0	0	0	2	0	0	2	4	2	0	3	2	2
cell_742	0	3	6	0	0	0	0	0	0	0	0	0	2	3	61	0
cell_994	2	0	0	0	2	0	0	5	3	5	2	0	0	3	0	0
cell_828	4	0	0	0	2	0	0	0	0	0	0	0	0	3	0	0
cell_432	0	0	0	3	0	2	19	0	0	0	0	2	2	0	0	0
cell_558	5	0	0	2	0	5	0	12	0	0	0	2	4	3	5	2
cell_255	5	12	0	0	5	0	0	0	0	0	0	2	0	4	0	0
cell_175	5	12	0	0	3	2	2	0	5	0	2	2	0	2	0	0
cell_577	5	0	2	0	67	2	2	10	0	0	0	0	0	3	0	0
cell_394	0	5	0	0	0	0	19	4	0	0	0	2	0	0	0	0
cell_367	5	0	0	0	0	0	0	0	0	0	2	2	0	0	2	0
cell_418	4	0	0	0	2	2	19	2	3	0	2	2	0	0	0	2
cell_278	2	3	0	0	0	0	0	5	0	0	0	2	0	0	2	0
cell_862	0	0	0	0	2	8	0	5	0	0	0	0	0	3	2	0
cell_549	5	0	0	0	0	5	0	0	0	0	0	0	0	3	5	2
cell_471	0	12	0	0	4	0	56	0	0	3	5	2	0	2	2	0
cell_634	5	0	0	2	0	0	2	0	0	2	0	50	0	3	0	0
cell_544	5	5	2	0	0	0	0	2	0	5	0	0	0	3	5	2
cell_826	4	0	0	0	2	0	0	0	0	0	0	0	0	3	0	0
cell_678	0	0	0	2	0	4	0	0	5	0	0	0	0	3	0	2
cell_880	0	2	2	0	2	8	0	5	0	0	0	0	0	3	2	0
cell_36	0	12	2	4	0	2	0	0	0	0	2	2	2	0	0	0
cell_491	2	3	0	0	4	0	2	0	0	2	0	2	0	3	0	0
cell_879	0	2	2	0	2	8	0	5	0	0	0	0	0	3	2	0
cell_326	0	0	0	2	0	2	0	0	0	0	0	2	0	0	0	0
cell_460	0	0	0	8	4	0	0	5	0	0	5	2	0	0	2	0
cell_114	0	12	0	0	53	0	0	0	5	0	2	2	2	0	0	0
cell_704	0	0	19	2	0	0	0	0	0	0	0	0	0	3	0	2
cell_275	2	3	5	0	0	0	0	5	3	0	0	2	0	0	2	0
cell_878	0	0	2	0	2	8	0	5	0	0	0	0	0	3	2	0
cell_103	0	12	0	0	0	0	0	2	0	0	2	2	2	0	2	0
cell_59	0	12	0	4	0	0	0	0	8	0	2	2	2	0	0	2
cell_638	5	0	2	2	0	0	2	3	2	2	0	50	0	3	0	0
cell_797	0	2	0	23	2	0	3	2	0	0	0	0	0	3	2	0
cell_235	5	12	0	0	5	0	0	0	0	0	0	2	0	0	0	0
cell_161	5	12	0	0	3	2	2	0	5	0	0	2	0	0	0	0
cell_44	0	12	0	4	0	0	0	3	0	0	2	2	2	0	0	2
cell_977	0	0	5	0	2	0	0	27	0	0	0	0	5	3	0	0
cell_440	0	0	0	0	0	3	19	0	5	0	0	2	0	0	0	0
cell_973	0	0	0	0	2	0	0	0	0	0	0	0	5	3	0	0
cell_61	0	12	10	4	0	0	0	0	0	0	2	2	2	0	0	0
cell_80	0	12	0	5	0	0	2	0	0	0	2	2	2	0	0	0
cell_684	0	0	0	2	0	0	2	0	5	0	0	5	0	3	0	2
cell_74	0	12	0	0	0	0	0	0	0	0	2	2	2	0	0	0
cell_324	0	5	0	0	3	0	0	10	0	0	0	2	2	0	2	0
cell_987	0	21	0	0	2	4	0	2	0	0	2	0	5	3	0	0
cell_171	5	12	0	0	3	2	2	0	5	0	0	2	0	2	0	0
cell_354	0	0	0	48	0	0	2	0	0	0	0	2	0	0	0	0
cell_732	0	0	6	0	0	0	0	0	3	0	2	0	2	3	0	0
cell_332	0	0	0	0	0	0	0	0	0	0	0	2	0	0	0	0
cell_343	0	0	0	2	0	0	0	0	0	0	2	2	0	0	0	0
cell_309	0	0	0	0	0	0	0	0	0	0	0	2	0	0	2	0
cell_118	0	12	0	2	53	0	29	0	0	0	2	2	2	0	0	0
cell_507	2	3	0	0	4	0	0	4	0	0	0	2	0	0	0	0
cell_49	0	12	0	4	0	0	0	0	0	2	2	2	2	0	0	0
cell_716	0	0	6	0	0	0	0	3	0	0	0	2	2	3	0	0
cell_115	0	12	0	0	53	0	5	0	5	0	2	2	2	0	5	0
cell_932	0	0	0	0	2	0	0	3	5	0	0	12	5	3	0	0
cell_349	0	0	0	0	0	0	0	0	0	0	2	2	0	0	0	0
cell_310	0	0	0	0	0	0	0	0	0	0	0	2	0	0	2	0
cell_856	0	0	0	0	2	8	0	5	2	0	0	0	0	3	0	0
cell_658	2	5	0	0	0	0	0	2	4	0	0	0	0	3	4	0
cell_1000	2	0	0	0	2	0	0	5	9	0	0	0	0	3	0	0
cell_185	5	12	0	0	3	2	0	0	0	0	2	2	2	2	0	0
cell_286	2	3	0	0	0	0	0	5	0	0	0	2	5	0	2	0
cell_208	5	12	3	0	5	4	0	0	0	0	2	2	0	0	0	0
cell_301	2	0	0	2	0	0	0	2	0	0	0	2	2	0	2	0
cell_64	0	12	10	4	0	0	0	0	0	0	2	2	2	0	0	0
cell_795	0	2	0	0	2	9	3	2	0	2	0	0	0	3	2	2
cell_337	0	0	0	2	0	0	0	0	0	0	2	2	0	0	0	0
cell_312	0	0	0	0	0	0	2	0	0	0	0	2	0	0	2	0
cell_603	5	0	0	0	0	0	2	8	0	0	0	0	0	3	0	0
cell_386	8	5	0	0	0	0	19	0	0	0	0	2	0	0	0	0
cell_989	0	0	0	2	2	3	0	2	0	0	2	0	5	3	0	0
cell_798	0	2	0	23	2	0	3	2	0	0	0	0	0	3	2	0
cell_206	5	12	3	0	5	0	0	0	0	0	2	2	0	0	0	0
cell_579	5	0	2	0	67	2	2	10	0	0	0	0	0	3	0	0
cell_918	0	0	4	2	2	0	0	0	0	0	3	0	0	3	0	0
cell_357	0	0	0	0	0	0	0	0	0	0	0	2	0	4	15	0
cell_948	0	5	0	0	2	0	0	0	0	2	0	0	0	3	0	0
cell_1019	0	0	0	0	2	0	2	5	0	0	0	0	2	3	0	0
cell_975	0	0	0	0	2	0	0	0	0	0	0	0	5	3	0	0
cell_792	0	2	0	0	2	0	0	0	0	0	0	0	0	3	2	0
cell_873	0	0	2	0	2	8	0	5	0	0	2	0	0	3	2	0
cell_903	0	0	4	0	2	0	2	0	0	0	8	0	11	3	0	2
cell_132	5	12	0	0	0	0	0	0	0	0	0	2	2	0	0	0
cell_481	2	3	5	0	4	0	0	0	0	0	0	2	0	3	3	0
cell_38	0	12	2	4	0	0	0	0	0	2	2	2	2	4	0	0
cell_794	0	2	0	0	2	0	3	0	0	0	0	0	0	3	2	2
cell_610	5	0	0	2	0	0	2	0	0	0	2	0	0	3	0	0
cell_774	0	0	0	0	2	0	0	0	0	0	0	0	0	3	2	2
cell_56	0	12	0	4	0	0	0	4	0	0	2	2	2	0	0	0
cell_444	0	0	0	0	0	0	19	0	0	0	0	2	3	0	0	2
cell_718	0	59	6	0	0	0	2	3	0	0	0	2	2	3	0	2
cell_373	0	0	0	0	2	0	2	6	0	0	0	2	0	0	0	0
cell_48	0	12	0	4	0	2	0	0	0	0	2	2	2	0	0	0
cell_138	5	12	0	0	0	0	0	0	0	0	0	2	2	0	0	0
cell_30	0	12	0	0	0	0	0	0	0	0	2	2	2	0	2	0
cell_849	0	0	0	0	2	8	0	5	0	0	0	0	0	3	2	0
cell_12	0	12	0	0	0	0	2	0	0	0	2	2	2	0	0	2
cell_291	0	0	0	2	0	0	5	0	0	0	0	2	0	0	2	0
cell_413	0	5	2	0	0	0	19	0	0	0	0	2	0	0	0	0
cell_921	0	0	4	2	2	20	0	0	0	0	3	0	0	3	0	0
cell_183	5	12	0	0	3	0	0	0	0	0	0	2	2	0	0	0
cell_237	5	12	2	0	5	3	2	0	0	12	0	2	0	0	0	0
cell_968	0	0	2	0	2	0	0	0	0	0	0	0	5	3	0	2
cell_7	12	12	0	0	0	0	0	0	0	0	2	2	2	0	4	0
cell_1005	0	0	5	0	2	0	0	5	0	0	0	0	3	3	3	0
cell_812	4	0	2	0	2	0	0	0	0	0	0	0	0	3	0	0
cell_702	0	5	19	2	0	0	0	0	0	0	0	0	0	3	0	2
cell_17	2	12	2	0	0	0	4	0	3	0	2	2	2	0	0	0
cell_852	0	0	0	0	2	8	0	5	0	0	0	0	0	3	0	0
cell_605	5	0	0	0	0	0	2	0	0	0	11	0	0	3	0	0
cell_426	0	0	0	3	0	2	19	0	0	0	0	2	2	0	0	0
cell_243	5	12	0	0	5	2	0	0	0	0	0	2	0	4	0	2
cell_425	0	0	0	3	0	2	19	0	0	0	0	2	2	0	0	0
cell_402	0	5	2	0	0	2	19	0	0	0	0	2	0	0	0	0
cell_122	0	12	0	0	0	0	0	0	5	0	2	2	2	0	0	0
cell_455	0	0	0	0	4	0	0	0	0	0	5	2	0	0	2	4
cell_518	5	0	2	0	0	0	0	0	2	0	0	0	0	3	5	2
cell_464	0	2	0	0	4	0	0	0	0	0	5	2	0	0	2	0
cell_512	2	3	0	2	4	0	8	0	0	0	0	2	0	0	0	0
cell_893	0	0	0	0	2	8	0	5	0	0	0	0	2	3	0	0
cell_838	0	3	2	0	2	8	0	5	0	0	0	5	0	3	3	0
cell_694	0	0	0	0	0	0	0	0	0	0	0	0	2	3	0	2
cell_821	4	0	0	0	2	0	0	0	0	0	0	0	0	3	0	0
cell_728	0	0	6	0	0	0	2	0	0	0	2	0	2	3	0	0
cell_133	5	12	0	0	0	0	0	0	0	0	0	2	2	3	16	0
cell_806	4	0	0	0	2	2	0	0	0	2	0	8	0	3	0	0
cell_844	0	0	2	0	2	8	0	5	0	0	0	0	0	3	2	0
cell_151	5	12	4	0	0	0	0	0	2	5	0	2	0	0	0	2
cell_113	0	12	0	0	53	0	0	0	5	0	2	2	2	0	0	0
cell_260	0	3	0	5	0	0	0	2	0	2	4	2	0	0	2	0
cell_295	0	0	0	2	0	0	0	0	0	0	0	2	0	0	2	0
cell_311	0	0	0	0	0	0	2	0	0	0	0	2	0	0	2	0
cell_677	0	0	0	2	0	4	0	0	5	0	0	0	0	3	0	2
cell_767	0	0	6	0	0	0	5	0	0	0	0	2	2	3	2	0
cell_422	0	0	0	0	0	2	19	0	0	0	0	2	0	0	5	2
cell_970	0	0	0	0	2	0	0	0	2	0	0	0	5	3	0	0
cell_179	5	12	5	0	3	0	0	0	0	0	0	2	2	0	0	0
cell_28	0	12	0	0	0	0	0	3	0	0	2	2	2	0	0	0
cell_87	5	12	0	0	0	0	0	0	0	0	2	2	2	0	0	2
cell_35	0	12	2	4	0	2	0	0	0	0	2	2	2	0	0	0
cell_1014	0	0	0	2	2	0	0	5	0	0	0	5	2	3	0	0
cell_180	5	12	5	0	3	0	0	0	0	0	0	2	2	0	0	0
cell_483	2	3	0	0	4	0	0	0	0	0	0	2	0	3	0	0
cell_19	2	12	2	0	0	0	4	0	3	0	2	2	2	0	0	0
cell_194	5	12	0	0	5	0	0	0	0	0	0	2	0	0	0	0
cell_817	4	0	0	0	2	0	0	0	0	2	0	0	0	3	0	5
cell_218	5	12	5	0	5	0	0	0	0	0	2	2	2	0	5	0
cell_83	5	12	0	0	0	0	0	0	0	0	2	2	2	0	0	2
cell_144	5	12	0	0	0	0	0	0	0	0	0	2	2	0	0	0
cell_861	0	0	0	0	2	8	0	5	0	0	0	0	0	3	2	0
cell_707	0	0	6	0	0	0	0	3	0	0	0	0	2	3	0	0
cell_761	0	0	6	0	0	0	5	0	0	0	0	5	2	3	2	0
cell_896	0	0	0	0	2	8	0	5	0	0	0	0	2	3	0	0
cell_764	0	0	6	0	0	0	5	0	0	0	0	5	2	3	2	0
cell_924	0	0	4	2	2	20	0	0	0	0	3	0	0	3	0	0
cell_940	0	0	0	2	2	0	0	0	0	0	0	2	0	3	0	0
cell_807	4	0	0	0	2	0	5	0	0	0	0	8	0	3	0	0
cell_300	2	0	0	2	0	2	0	0	0	0	0	2	0	0	2	0
cell_270	11	3	0	0	0	0	0	0	0	0	0	2	3	5	2	0
cell_671	0	3	0	0	0	0	0	2	0	0	0	0	0	3	0	2
cell_41	0	12	0	4	7	0	0	0	0	0	2	2	2	0	0	0
cell_706	19	0	6	0	0	0	0	3	0	0	0	0	2	3	0	0
cell_570	5	19	0	0	0	5	0	0	0	0	0	0	0	3	5	2
cell_318	0	0	0	0	0	2	0	5	0	0	0	2	0	0	2	0
cell_81	5	12	0	57	0	0	0	0	0	0	2	2	2	0	0	0
cell_528	5	0	2	0	0	0	0	0	0	0	0	5	2	3	5	2
cell_233	5	12	0	0	5	0	0	0	5	0	0	2	0	0	0	0
cell_331	0	0	0	0	0	0	0	0	0	0	0	2	0	0	0	0
cell_510	2	3	0	2	4	0	0	0	0	0	0	2	0	0	0	0
cell_257	0	3	0	5	0	0	0	2	0	2	0	2	0	0	2	0
cell_89	5	12	0	5	3	0	2	0	0	0	2	2	2	0	0	0
cell_790	0	2	0	0	2	0	0	0	0	0	0	0	0	3	2	0
cell_289	0	0	0	2	0	0	5	0	0	0	0	2	0	2	2	0
cell_553	5	0	29	0	0	5	0	0	0	0	2	0	0	3	5	2
cell_632	5	0	0	0	0	0	2	0	2	2	0	0	0	3	0	0
cell_60	0	12	0	4	0	0	0	0	8	0	2	2	2	0	0	2
cell_298	2	0	0	2	0	2	0	0	0	0	0	2	0	0	2	0
cell_809	4	0	2	0	2	0	0	0	0	4	0	0	2	3	0	0
cell_904	0	0	4	0	2	0	2	0	0	0	8	0	11	3	0	2
cell_73	0	12	0	0	0	0	0	0	0	0	2	2	2	0	0	0
cell_156	5	12	0	0	0	2	0	0	0	0	0	2	0	0	0	5
cell_859	0	0	0	0	2	8	0	5	4	0	5	2	0	3	2	0
cell_996	2	0	0	0	2	0	0	5	3	5	2	0	0	3	0	0
cell_587	5	0	2	3	0	2	2	10	0	0	0	0	0	3	0	0
cell_967	0	0	2	0	2	0	0	0	0	0	0	0	5	3	0	2
cell_733	0	0	6	0	0	0	0	0	3	0	2	0	2	3	2	0
cell_894	0	0	0	0	2	8	0	5	0	0	0	0	2	3	0	0
cell_79	0	12	0	5	0	0	2	0	0	0	2	2	2	0	0	0
cell_928	0	0	4	2	2	20	0	0	0	0	3	0	2	3	0	2
cell_511	2	3	0	2	4	0	8	0	0	0	0	2	0	0	0	0
cell_216	5	12	5	0	5	0	0	2	2	0	0	2	2	0	0	0
cell_163	5	12	0	0	3	2	2	0	5	0	0	2	0	0	0	0
cell_329	0	0	0	0	0	0	0	0	0	0	0	2	0	0	0	0
cell_588	5	0	2	3	0	2	2	10	0	0	0	0	0	3	0	0
cell_802	4	0	0	0	2	0	0	0	0	0	0	0	4	3	0	0
cell_509	2	3	0	2	4	0	0	0	0	0	0	2	0	0	0	0
cell_876	0	0	2	0	2	8	0	5	0	0	0	0	0	3	2	0
cell_521	5	0	2	0	0	0	0	0	0	0	0	5	2	3	5	2
cell_442	0	0	0	0	0	0	19	0	0	0	0	2	0	0	0	2
cell_530	5	0	2	0	0	2	0	2	0	0	0	14	0	3	5	2
cell_287	2	3	0	0	0	2	0	5	0	0	0	2	5	0	2	0
cell_43	0	12	0	4	0	0	0	3	0	0	2	2	2	0	0	2
cell_368	5	0	0	0	0	0	0	0	0	0	2	2	0	0	2	0
cell_378	0	0	0	0	0	0	0	0	0	0	2	2	0	0	0	0
cell_381	0	0	0	3	0	0	0	0	0	0	2	2	0	0	0	0
cell_498	2	3	0	0	4	0	3	2	0	0	0	2	0	0	0	0
cell_984	0	0	0	0	2	0	0	0	0	0	0	2	5	3	2	0
cell_772	0	0	0	0	2	0	0	0	0	3	0	0	5	3	2	2
cell_165	5	12	0	0	3	2	2	0	5	0	0	2	0	0	0	0
cell_907	0	0	4	2	2	2	0	5	0	0	8	0	0	3	0	2
cell_846	0	0	2	0	2	8	0	5	0	4	0	0	0	3	2	2
cell_446	0	0	0	0	0	0	19	0	0	0	0	2	0	0	0	2
cell_858	0	0	0	0	2	8	0	5	4	0	0	2	0	3	2	0
cell_467	0	12	0	0	4	0	0	0	0	3	5	2	0	0	2	0
cell_865	0	0	0	0	2	8	5	5	0	0	2	0	0	3	2	0
cell_167	5	12	0	0	3	2	2	0	5	0	0	2	0	0	0	0
cell_389	0	5	0	0	0	0	19	0	0	2	0	2	0	3	2	21
cell_1020	0	0	0	0	2	0	2	5	0	0	0	0	2	3	0	0
cell_482	2	3	5	0	4	0	0	0	0	0	0	2	0	3	3	0
cell_785	0	2	2	0	2	0	0	0	0	0	0	0	0	3	2	0
cell_930	0	0	0	0	2	0	0	3	5	0	0	0	5	3	0	0
cell_147	5	12	4	0	0	0	0	0	2	5	0	2	0	0	0	0
cell_362	5	0	0	0	0	0	0	0	0	0	0	2	0	0	0	0
cell_352	0	0	0	0	0	0	0	0	0	0	2	2	0	0	0	0
cell_487	2	3	0	0	4	0	0	0	14	0	0	2	2	3	0	0
cell_811	4	0	2	0	2	0	0	0	0	0	0	0	0	3	0	0
cell_576	5	0	0	0	0	5	0	0	0	0	0	3	0	3	5	2
cell_456	0	0	0	0	4	0	0	0	0	0	5	2	0	0	2	4
cell_493	2	3	0	0	4	0	0	0	0	0	2	2	0	3	0	0
cell_488	2	3	0	0	4	0	0	0	14	0	0	2	2	3	0	0
cell_999	2	0	0	0	2	0	0	5	9	0	0	0	0	3	0	0
cell_957	0	5	0	0	2	0	0	2	0	0	0	0	8	3	0	0
cell_872	0	0	0	2	2	8	0	5	0	0	2	0	0	3	2	0
cell_644	0	0	0	2	0	3	0	0	0	0	10	0	0	3	0	4
cell_264	0	3	0	5	0	0	0	2	0	0	0	2	0	0	2	0
cell_758	0	0	6	0	0	0	5	0	0	0	26	0	2	3	0	0
cell_344	0	0	0	2	0	0	0	0	0	0	2	2	0	0	0	0
cell_229	5	12	0	0	5	0	0	0	0	0	0	2	0	0	0	0
cell_832	4	0	0	0	2	0	0	0	26	0	0	0	0	3	0	0
cell_749	0	0	6	0	0	0	2	3	0	0	0	0	2	3	61	0
cell_276	2	3	5	0	0	0	0	5	3	0	0	2	0	0	2	0
cell_225	5	12	0	0	5	0	0	11	0	0	0	2	0	0	0	0
cell_867	0	0	0	0	2	8	0	5	0	0	0	0	0	3	2	4
cell_655	0	0	0	0	0	0	0	0	2	0	0	0	5	3	0	0
cell_823	4	0	0	0	2	0	0	0	0	0	0	0	0	3	0	0
cell_466	0	12	0	0	4	3	0	0	0	3	5	2	0	0	2	0
cell_1021	0	0	0	0	2	0	0	5	0	0	0	0	2	3	0	0
cell_177	5	12	5	0	3	0	0	0	0	0	0	2	2	0	0	0
cell_555	5	0	0	0	0	5	0	0	0	0	0	0	0	3	5	2
cell_123	0	12	0	0	0	0	0	0	0	0	2	2	2	0	0	0
cell_663	0	0	0	0	0	0	0	2	0	0	0	0	0	3	4	0
cell_346	0	0	0	0	2	0	2	0	0	0	2	2	2	0	0	0
cell_841	0	0	2	0	2	8	0	5	0	0	0	0	0	3	2	0
cell_239	5	12	2	0	5	3	0	0	0	12	0	2	0	0	0	0
cell_504	2	3	0	0	4	0	3	0	0	0	0	2	0	0	0	0
cell_931	0	0	0	0	2	0	0	3	5	0	0	12	5	3	0	0
cell_922	0	0	4	2	2	20	0	0	0	0	3	0	0	3	0	0
cell_961	0	0	2	7	2	0	0	0	0	0	0	0	5	3	0	0
cell_847	0	0	2	0	2	8	0	5	0	4	0	0	0	3	2	0
cell_736	0	0	6	0	0	0	0	0	3	0	2	0	2	3	2	0
cell_404	0	5	2	0	0	0	19	0	0	0	5	2	0	0	3	0
cell_339	0	0	0	2	0	0	0	0	0	0	2	2	0	3	0	0
cell_181	5	12	0	0	3	0	0	0	0	0	0	2	2	0	0	0
cell_430	0	0	0	3	0	2	19	0	0	0	0	2	2	0	0	0
cell_433	0	0	0	0	0	2	19	19	2	0	0	2	0	0	0	0
cell_919	0	0	4	2	2	0	0	0	0	0	3	0	0	3	0	0
cell_888	0	0	0	0	2	8	0	5	0	0	0	0	0	3	0	0
cell_342	0	0	0	2	0	0	0	0	0	5	2	2	0	0	0	0
cell_23	2	12	2	0	2	0	4	0	3	0	2	2	2	0	0	0
cell_815	4	0	0	0	2	0	0	0	0	0	0	0	0	3	0	0
cell_375	0	0	0	0	2	0	0	6	0	0	0	2	0	0	0	0
cell_268	11	3	0	0	0	0	0	0	0	0	0	2	0	5	2	4
cell_199	5	12	2	0	5	0	0	0	0	4	0	2	0	0	0	0
cell_520	5	0	2	0	2	0	0	0	2	2	0	2	5	3	5	2
cell_396	0	5	0	0	0	0	19	4	0	0	0	2	0	0	0	0
cell_991	0	0	0	2	2	0	0	2	0	0	2	0	5	3	0	0
cell_254	5	12	0	0	5	0	0	0	0	0	0	2	0	4	0	0
cell_198	5	12	0	0	5	0	0	0	0	4	0	2	0	0	0	0
cell_768	0	0	6	0	0	0	5	0	0	0	0	2	2	3	2	0
cell_170	5	12	0	0	3	2	2	0	5	0	0	2	0	2	0	0
cell_212	5	12	5	8	5	0	0	0	0	0	0	2	0	0	0	0
cell_5	0	12	0	0	0	0	0	0	0	0	2	2	2	0	4	0
cell_695	0	0	0	0	0	0	0	0	0	0	0	0	2	3	0	2
cell_348	0	0	0	0	2	0	2	0	0	0	2	2	0	0	0	0
cell_251	5	12	12	0	5	6	0	0	0	0	0	2	0	4	0	2
cell_191	5	12	0	0	3	0	0	0	0	0	0	2	2	0	0	0
cell_938	0	0	0	2	2	0	0	0	0	0	0	2	0	3	0	0
cell_628	5	0	0	0	0	0	2	5	2	2	0	0	0	3	0	0
cell_496	2	3	0	0	4	0	0	0	0	0	0	2	4	3	0	0
cell_223	5	12	5	0	5	0	0	2	0	0	0	2	2	0	0	0
cell_622	5	0	5	0	0	0	2	0	0	3	2	2	2	3	0	0
cell_626	5	0	0	2	0	2	2	0	2	2	0	0	0	3	0	0
cell_453	0	0	0	0	4	0	0	0	0	0	5	2	5	0	2	0
cell_595	5	2	2	0	0	0	2	3	0	0	4	2	0	3	0	0
cell_619	5	2	5	0	2	0	2	0	0	8	0	0	0	3	0	0
cell_86	5	12	0	0	0	0	0	0	0	0	2	2	2	0	0	2
cell_55	0	12	0	4	0	0	0	4	0	0	2	2	2	0	0	0
cell_193	5	12	0	0	5	0	0	0	0	0	0	2	0	0	0	0
cell_246	5	12	0	0	5	0	2	2	0	0	0	2	0	4	0	0
cell_1003	0	0	0	0	2	0	2	5	0	0	0	0	3	3	0	0
cell_901	0	0	4	0	2	0	2	0	0	0	8	0	11	3	0	2
cell_458	0	0	0	8	4	0	0	5	0	0	5	2	0	0	2	0
cell_653	0	0	0	0	0	0	0	0	2	0	0	0	5	3	0	0
cell_240	5	12	2	0	5	3	0	0	0	12	0	2	0	0	0	0
cell_1022	0	0	0	0	2	0	0	5	0	0	0	0	2	3	0	0
cell_660	2	0	2	0	5	0	0	2	4	0	0	0	0	3	4	0
cell_950	0	5	0	0	2	0	0	0	0	0	0	0	0	3	0	0
cell_850	0	0	0	0	2	8	0	5	0	0	0	0	0	3	2	0
cell_106	0	12	0	0	0	0	0	2	3	0	2	2	2	0	2	0
cell_674	0	0	0	2	0	0	3	0	5	0	0	0	0	3	0	2
cell_129	5	12	0	0	0	2	0	0	0	0	0	2	2	0	0	0
cell_9	0	12	0	0	0	0	2	0	0	0	2	2	2	0	0	0
cell_541	5	5	2	2	0	0	0	2	0	5	0	0	0	3	5	2
cell_288	2	3	0	0	0	2	0	5	0	0	0	2	5	0	2	0
cell_525	5	0	2	0	0	0	0	0	0	0	0	5	2	3	5	2
cell_393	0	5	0	0	0	0	19	4	0	0	0	2	0	0	0	0
cell_102	0	12	0	0	0	0	0	2	0	0	2	2	2	0	2	0
cell_679	0	0	0	2	0	0	0	0	5	0	0	0	0	3	0	2
cell_536	5	0	2	0	0	2	0	2	0	0	0	0	0	3	5	2
cell_868	0	0	0	0	2	8	0	5	0	0	0	0	0	3	2	4
cell_953	0	5	0	0	2	0	0	2	0	0	0	5	0	3	0	0
cell_211	5	12	5	8	5	0	0	0	0	0	0	2	0	0	0	0
cell_526	5	0	2	0	0	0	0	0	0	0	0	5	2	3	5	2
cell_539	5	5	2	0	0	0	0	2	0	5	0	0	0	3	5	2
cell_451	0	0	0	0	4	0	2	0	0	0	5	2	0	0	2	0
cell_997	2	0	0	0	2	0	0	5	9	0	0	0	0	3	0	0
cell_62	0	12	10	4	0	0	0	0	0	0	2	2	2	0	0	0
cell_604	5	0	0	0	0	0	2	8	0	0	0	0	0	3	0	0
cell_731	0	0	6	0	0	0	0	0	3	0	2	0	2	3	0	0
cell_524	5	0	2	5	0	0	0	0	0	0	0	5	2	3	5	2
cell_399	0	5	0	0	2	3	19	0	0	0	5	2	0	0	0	0
cell_152	5	12	4	0	0	0	0	0	2	5	0	2	0	0	0	2
cell_943	0	5	0	2	2	0	0	0	0	2	0	0	0	3	0	24
cell_584	5	0	2	0	0	2	2	10	0	3	0	0	0	3	0	0
cell_351	0	0	0	0	0	0	0	0	0	0	2	2	0	0	0	0
cell_1017	0	0	0	0	2	0	0	5	0	0	0	0	2	3	0	0
cell_947	0	5	0	0	2	0	0	0	0	2	0	0	0	3	0	0
cell_854	0	0	0	0	2	8	0	5	2	0	0	0	0	3	0	5
cell_700	0	0	19	0	0	0	0	0	0	0	2	0	0	3	0	2
cell_282	0	3	0	0	0	0	0	5	0	0	4	2	0	0	2	0
cell_786	0	2	2	0	2	0	0	0	0	0	0	0	0	3	2	0
cell_360	0	0	0	0	0	0	4	0	0	0	0	2	0	0	0	0
cell_537	5	5	2	0	0	0	2	2	0	5	0	0	0	3	5	2
cell_117	0	12	0	2	53	0	29	0	0	0	2	2	2	0	0	0
cell_863	0	0	0	0	2	8	0	5	0	0	0	0	0	3	2	0
cell_15	0	12	0	2	0	0	2	0	0	0	2	2	2	0	0	0
cell_598	5	2	0	0	0	0	2	0	0	2	4	2	0	3	2	0
cell_656	0	0	0	0	0	0	0	0	2	0	0	0	5	3	0	0
cell_724	2	2	6	5	0	0	0	0	0	0	2	0	2	3	4	0
cell_990	0	0	0	2	2	3	0	2	0	0	2	0	5	3	0	0
cell_661	0	0	0	0	0	0	0	2	0	0	2	0	0	3	4	0
cell_127	0	12	0	0	0	0	0	0	0	0	2	2	2	0	0	0
cell_263	0	3	0	5	0	0	0	2	0	0	0	2	0	0	2	0
cell_751	0	0	6	3	0	0	2	3	0	0	0	0	2	3	61	2
cell_980	0	0	0	0	2	0	0	27	0	0	0	0	5	3	0	0
cell_515	5	0	2	0	0	0	5	0	0	0	0	0	0	3	5	2
cell_215	5	12	5	0	5	0	0	2	2	0	0	2	2	0	0	0
cell_935	0	0	0	0	2	0	0	0	5	0	0	12	5	3	0	4
cell_303	2	0	0	2	0	0	0	2	11	0	0	2	0	2	2	0
cell_657	2	5	0	0	0	0	0	2	4	0	0	0	0	3	4	0
cell_983	0	0	0	0	2	0	0	0	0	0	0	2	5	3	2	0
cell_22	2	12	2	0	2	0	4	0	3	0	2	2	2	0	0	0
cell_756	0	0	6	0	3	0	5	74	0	2	26	0	2	3	0	0
cell_887	0	0	0	0	2	8	0	5	0	0	0	0	0	3	0	0
cell_964	0	0	2	7	2	0	0	0	0	0	0	0	5	3	0	0
cell_646	2	0	0	2	21	0	0	0	0	0	0	0	0	3	0	4
cell_478	0	2	0	0	4	0	0	0	0	0	5	2	0	0	2	0
cell_182	5	12	0	0	3	0	0	0	0	0	0	2	2	0	0	0
cell_29	0	12	0	0	0	0	0	0	0	0	2	2	2	0	2	0
cell_864	0	0	0	0	2	8	0	5	0	0	0	0	0	3	2	0
cell_261	0	3	0	5	0	0	0	2	0	0	0	2	0	0	2	2
cell_250	5	12	0	0	5	0	0	0	0	0	8	2	0	4	2	2
cell_696	0	0	0	0	0	0	0	0	0	0	0	0	2	3	0	2
cell_388	8	5	0	4	0	0	19	0	0	0	0	2	0	0	0	0
cell_439	0	0	0	0	0	3	19	0	5	0	0	2	0	0	0	0
cell_560	5	0	0	0	0	5	0	0	0	0	0	2	2	3	5	2
cell_94	5	12	0	0	0	0	0	0	0	0	2	2	2	0	0	0
cell_1012	0	0	0	0	2	0	0	5	0	2	0	0	2	3	0	0
cell_951	0	5	0	0	2	0	0	0	0	0	0	0	0	3	0	0
cell_406	0	5	2	0	0	0	19	0	0	0	3	2	0	0	0	0
cell_400	0	5	0	0	2	3	19	0	0	0	5	2	0	0	0	0
cell_840	0	3	2	0	2	8	0	5	0	0	0	0	0	3	0	0
cell_754	0	0	6	0	3	0	5	0	0	0	26	0	2	3	0	0
cell_1011	0	0	0	0	2	0	0	5	0	2	0	0	2	3	0	0
cell_308	2	0	0	0	0	0	3	0	0	0	0	2	0	0	2	0
cell_228	5	12	0	0	5	0	0	11	0	0	0	2	0	0	0	0
cell_709	0	0	6	0	0	0	0	3	0	0	2	0	2	3	0	0
cell_371	0	0	0	0	2	0	0	0	0	2	0	2	0	0	0	4
cell_542	5	5	2	2	0	0	0	2	0	5	0	0	0	3	5	2
cell_814	4	0	0	0	2	0	0	0	0	0	0	0	0	3	0	0
cell_741	0	3	6	0	0	0	0	0	0	0	0	0	2	3	61	0
cell_711	10	0	6	0	0	0	0	3	0	0	0	0	2	3	0	0
cell_543	5	5	2	0	0	0	0	2	0	5	0	0	0	3	5	2
cell_447	0	0	0	0	0	0	19	0	0	0	0	2	0	0	0	2
cell_936	0	0	0	0	2	0	0	0	5	0	0	12	5	3	0	4
cell_725	0	0	6	0	0	0	2	0	0	0	2	0	2	3	0	2
cell_830	4	0	0	0	2	0	0	3	0	0	0	0	0	3	0	0
cell_781	0	2	0	12	2	0	0	0	0	0	0	0	0	3	2	2
cell_1	2	12	0	0	0	0	0	0	0	0	2	2	2	0	4	0
cell_173	5	12	0	0	3	2	2	0	5	0	0	2	0	2	0	3
cell_723	2	2	6	5	0	0	0	0	0	0	2	0	2	3	4	0
cell_573	5	0	0	2	0	5	0	0	0	0	0	3	0	3	5	2
cell_363	0	0	0	0	0	0	0	0	0	0	0	2	0	0	0	0
cell_662	0	0	0	0	0	0	0	2	0	0	2	0	0	3	4	0
cell_836	0	3	2	0	2	8	2	5	2	0	0	0	8	3	0	0
cell_497	2	3	0	0	4	0	3	2	0	0	0	2	0	0	0	0
cell_606	5	0	0	0	0	0	2	0	0	0	11	0	0	3	0	0
cell_461	0	0	0	0	4	0	0	0	0	0	5	2	0	0	2	0
cell_213	5	12	5	2	5	0	0	0	0	0	0	2	2	0	0	0
cell_492	2	3	0	0	4	0	2	0	0	2	0	2	0	3	0	0
cell_358	0	0	0	0	0	0	0	0	0	0	0	2	0	4	15	0
cell_57	0	12	0	4	0	0	0	0	0	0	2	2	2	0	0	2
cell_820	4	0	0	0	2	0	0	0	0	0	0	0	0	3	0	5
cell_452	0	0	0	0	4	0	2	0	0	0	5	2	0	0	2	0
cell_214	5	12	5	2	5	0	0	0	0	0	0	2	2	0	0	0
cell_392	0	5	0	0	0	0	19	0	0	2	0	2	0	3	0	0
cell_2	2	12	0	0	0	0	0	0	0	0	2	2	2	0	4	0
cell_304	2	0	0	2	0	0	0	2	11	0	0	2	0	2	2	0
cell_722	2	2	6	0	2	0	0	0	0	0	2	0	2	3	4	2
cell_993	2	0	0	0	2	0	0	5	3	5	2	0	0	3	0	0
cell_104	0	12	0	0	0	0	0	2	0	0	2	2	2	0	2	0
cell_523	5	0	2	5	0	0	0	0	0	0	0	5	2	3	5	2
cell_125	0	12	0	0	0	0	0	0	0	0	2	2	2	0	0	0
cell_933	0	0	0	0	2	0	0	0	5	0	0	0	5	3	0	0
cell_217	5	12	5	0	5	0	0	0	0	0	2	2	2	0	5	0
cell_383	0	0	0	3	0	0	0	0	0	0	2	2	0	0	0	0
cell_347	0	0	0	0	2	0	2	0	0	0	2	2	0	0	0	0
cell_519	5	0	2	0	2	0	0	0	2	2	0	2	5	3	5	2
cell_438	0	0	0	0	0	3	19	0	0	0	0	2	0	0	0	0
cell_53	0	12	0	4	0	0	0	0	0	0	2	2	2	12	0	0
cell_382	0	0	0	3	0	0	0	0	0	0	2	2	0	0	0	0
cell_959	0	5	0	0	2	0	0	2	0	0	0	0	8	3	0	0
cell_729	0	3	6	0	0	0	0	0	3	0	2	0	2	3	42	0
cell_688	0	0	0	2	0	0	2	0	5	0	0	5	0	3	0	2
cell_735	0	0	6	0	0	0	0	0	3	0	2	0	2	3	2	0
cell_585	5	0	2	3	0	2	2	10	0	0	0	0	16	3	0	0
cell_690	0	0	0	0	0	0	0	0	0	0	0	0	2	3	0	2
cell_651	0	0	0	0	0	0	0	0	0	0	0	0	0	3	0	0
cell_1009	0	0	0	0	2	0	0	5	0	2	0	0	2	3	0	0
cell_554	5	0	29	0	0	5	0	0	0	0	2	0	0	3	5	2
cell_184	5	12	0	0	3	0	0	0	0	0	0	2	2	0	0	0
cell_414	0	5	2	0	0	0	19	0	0	0	0	2	0	0	0	0
cell_517	5	0	2	0	0	0	0	0	2	0	0	0	0	3	5	2
cell_857	0	0	0	0	2	8	0	5	4	0	0	2	0	3	2	0
cell_96	5	12	0	0	0	0	0	0	2	0	2	2	2	0	0	0
cell_417	4	0	0	0	2	2	19	2	3	0	2	2	0	0	0	2
cell_621	5	0	5	0	0	0	2	0	0	3	2	2	2	3	0	0
cell_566	5	2	0	0	0	5	0	0	0	0	0	3	2	3	5	2
cell_148	5	12	4	0	0	0	0	0	2	5	0	2	0	0	0	0
cell_613	5	0	0	2	0	0	2	0	0	0	5	0	0	3	0	0
cell_398	4	5	0	0	2	0	19	0	0	0	4	2	0	0	0	0
cell_966	0	0	2	0	2	0	0	0	0	0	0	0	5	3	0	0
cell_34	0	12	2	4	0	2	0	0	0	0	2	2	2	0	2	0
cell_58	0	12	0	4	0	0	0	0	0	0	2	2	2	0	0	2
cell_379	0	0	0	0	0	0	0	0	0	0	2	2	0	0	0	2
cell_313	2	0	0	0	0	2	2	0	5	2	0	2	0	0	2	0
cell_450	0	0	0	0	4	0	0	0	0	0	5	2	0	0	2	0
cell_568	5	2	0	0	0	5	0	0	0	0	0	0	2	3	5	2
cell_926	0	0	4	2	2	20	0	0	0	0	3	0	2	3	0	2
cell_93	5	12	0	0	0	0	0	0	0	0	2	2	2	0	0	0
cell_1006	0	0	5	0	2	0	0	5	0	0	0	0	3	3	3	0
cell_97	2	12	0	0	0	0	0	2	0	0	2	2	2	0	2	0
cell_979	0	0	0	0	2	0	0	27	0	0	0	0	5	3	0	0
cell_220	5	12	5	0	5	0	0	0	0	0	2	2	2	0	0	0
cell_33	0	12	2	4	0	2	0	0	0	0	2	2	2	0	2	0
cell_871	0	0	0	2	2	8	0	5	0	0	2	0	0	3	2	0
cell_52	0	12	0	4	0	0	0	0	0	0	2	2	2	0	0	0
cell_680	0	0	0	2	0	0	0	0	5	0	0	0	0	3	0	2
cell_66	5	12	0	0	0	0	0	0	0	0	2	2	2	0	0	0
cell_934	0	0	0	0	2	0	0	0	5	0	0	0	5	3	0	0
cell_986	0	0	0	0	2	4	0	2	2	0	2	0	5	3	0	0
cell_188	5	12	0	0	3	2	0	0	0	0	0	2	2	2	0	0
cell_166	5	12	0	0	3	2	2	0	5	0	0	2	0	0	0	0
cell_710	0	0	6	0	0	0	0	3	0	0	2	0	2	3	0	0
cell_476	0	2	0	0	4	0	0	0	0	0	5	2	0	0	2	0
cell_470	0	12	0	0	4	0	0	0	0	3	5	2	0	2	2	0
cell_1018	0	0	0	0	2	0	0	5	0	0	0	0	2	3	0	0
cell_431	0	0	0	3	0	2	19	0	0	0	0	2	2	0	0	0
cell_647	2	0	0	2	0	0	4	0	0	0	2	0	0	3	0	4
cell_534	5	0	2	0	0	2	0	2	0	3	0	0	0	3	5	2
cell_746	0	0	6	0	0	0	2	3	0	0	0	0	2	3	61	0
cell_882	0	0	0	0	2	8	0	5	5	3	0	0	4	3	2	0
cell_676	0	0	0	2	0	0	0	0	5	0	0	0	0	3	0	2
cell_68	5	12	0	0	0	0	0	0	0	0	2	2	2	0	0	0
cell_82	5	12	0	57	0	0	0	0	0	0	2	2	2	0	0	0
cell_63	0	12	10	4	0	0	0	0	0	0	2	2	2	0	0	0
cell_416	0	5	2	0	0	0	19	0	0	0	0	2	0	0	0	0
cell_142	5	12	0	2	0	0	0	0	0	0	0	2	2	0	0	0
cell_875	0	0	2	0	2	8	0	5	0	0	0	0	0	3	2	0
cell_672	0	3	0	0	0	0	0	2	0	0	0	0	0	3	0	2
cell_708	0	0	6	0	0	0	0	3	0	0	0	0	2	3	0	0
cell_259	0	3	0	5	0	0	0	2	0	2	4	2	0	0	2	0
cell_877	0	0	2	0	2	8	0	5	0	0	0	0	0	3	2	0
cell_599	5	2	0	0	0	0	2	0	0	2	4	2	0	3	2	2
cell_429	0	0	0	3	0	2	19	0	0	0	0	2	2	0	0	0
cell_355	0	0	0	0	0	0	0	0	0	0	0	2	0	0	0	0
cell_572	5	19	0	2	0	5	0	0	0	0	0	0	0	3	5	2
cell_140	5	12	0	0	0	0	0	0	0	0	29	2	2	0	0	0
cell_813	4	0	0	0	2	0	0	0	0	0	0	0	0	3	0	0
cell_627	5	0	0	0	0	0	2	5	2	2	0	0	0	3	0	0
cell_669	0	3	0	0	0	0	0	2	0	0	0	0	0	3	0	0
cell_978	0	0	5	0	2	0	0	27	0	0	0	0	5	3	0	0
cell_831	4	0	0	0	2	0	0	0	26	0	0	0	0	3	0	0
cell_954	0	5	0	0	2	0	0	2	0	0	0	5	0	3	0	0
cell_939	0	0	0	2	2	0	0	0	0	0	0	2	0	3	0	0
cell_911	0	0	4	0	2	2	0	0	0	0	8	0	0	3	0	2
cell_162	5	12	0	0	3	2	2	0	5	0	0	2	0	0	0	0
cell_472	0	12	0	0	4	0	56	0	0	3	5	2	0	2	2	0
cell_319	0	0	0	0	0	2	0	0	0	5	0	2	0	0	2	0
cell_602	5	0	0	0	0	0	2	8	0	0	0	0	0	3	0	0
cell_949	0	5	0	0	2	0	0	0	0	0	0	0	0	3	0	0
cell_474	0	2	0	0	4	0	0	0	0	0	5	2	0	0	2	0
cell_280	2	3	0	0	0	0	0	5	0	0	0	2	0	0	2	0
cell_974	0	0	0	0	2	0	0	0	0	0	0	0	5	3	0	0
cell_90	5	12	0	5	3	0	2	0	0	0	2	2	2	0	0	0
cell_238	5	12	2	0	5	3	2	0	0	12	0	2	0	0	0	0
cell_370	0	0	0	0	2	0	3	0	0	0	0	2	0	0	0	2
cell_306	2	0	0	0	0	0	3	0	0	0	0	2	0	0	2	0
cell_976	0	0	0	0	2	0	0	0	0	0	0	0	5	3	0	0
cell_232	5	12	0	0	5	0	2	0	0	0	0	2	0	0	0	0
cell_757	0	0	6	0	0	0	5	0	0	0	26	0	2	3	0	0
cell_37	0	12	2	4	0	0	0	0	0	2	2	2	2	4	0	0
cell_209	5	12	5	2	5	0	0	0	0	0	0	2	0	0	0	0
cell_120	0	12	0	0	53	0	29	0	0	0	2	2	2	0	0	0
cell_139	5	12	0	0	0	0	0	0	0	0	29	2	2	0	0	0
cell_755	0	0	6	0	3	0	5	74	0	2	26	0	2	3	0	0
cell_18	2	12	2	0	0	0	4	0	3	0	2	2	2	0	0	0
cell_917	0	0	4	2	2	0	0	0	0	0	3	0	0	3	0	0
cell_763	0	0	6	0	0	0	5	0	0	0	0	5	2	3	2	0
cell_269	11	3	0	0	0	0	0	0	0	0	0	2	3	5	2	0
cell_205	5	12	3	0	5	0	0	0	0	0	2	2	0	0	0	0
cell_737	0	3	6	0	0	0	2	0	0	0	0	0	2	3	61	0
cell_715	0	0	6	0	0	0	0	3	0	0	0	2	2	3	0	0
cell_224	5	12	5	0	5	0	0	2	0	0	0	2	2	0	0	0
cell_248	5	12	0	0	5	0	0	2	0	0	0	2	0	4	0	0
cell_130	5	12	0	0	0	2	0	0	0	0	0	2	2	0	0	0
cell_837	0	3	2	0	2	8	0	5	0	0	0	5	0	3	3	0
cell_65	5	12	0	0	0	0	0	0	0	0	2	2	2	0	0	0
cell_776	0	0	0	0	2	0	0	0	0	0	0	0	0	3	2	2
cell_490	2	3	5	0	4	0	0	0	0	0	3	2	0	3	0	0
cell_469	0	12	0	0	4	0	0	0	0	3	5	2	0	2	2	0
cell_465	0	12	0	0	4	3	0	0	0	3	5	2	0	0	2	0
cell_178	5	12	5	0	3	0	0	0	0	0	0	2	2	0	0	0
cell_279	2	3	0	0	0	0	0	5	0	0	0	2	0	0	2	0
cell_982	0	0	0	0	2	0	0	0	0	0	0	0	5	3	2	0
cell_111	0	12	0	0	0	0	0	2	3	0	2	2	2	0	2	0
cell_92	5	12	0	5	3	0	2	0	0	0	2	2	2	0	0	0
cell_47	0	12	0	4	0	2	0	0	0	0	2	2	2	0	0	0
cell_462	0	0	0	0	4	0	0	0	0	0	5	2	0	0	2	0
cell_160	5	12	0	0	0	2	0	0	0	2	0	2	0	0	0	5
cell_673	0	0	0	2	0	0	3	0	5	0	0	0	0	3	0	2
cell_391	0	5	0	0	0	0	19	0	0	2	0	2	0	3	0	0
cell_915	0	0	4	2	2	0	0	0	0	0	3	0	4	3	0	0
cell_833	0	3	2	0	2	8	2	5	2	0	0	0	8	3	0	0
cell_145	5	12	4	0	0	0	0	0	2	5	0	2	0	0	0	0
cell_285	2	3	0	0	0	0	0	5	0	0	0	2	5	0	2	0
cell_21	2	12	2	0	2	0	4	0	3	0	2	2	2	0	0	0
cell_448	0	0	0	0	0	0	19	0	0	0	0	2	0	0	0	2
cell_443	0	0	0	0	0	0	19	0	0	0	0	2	3	0	0	2
cell_186	5	12	0	0	3	2	0	0	0	0	2	2	2	2	0	0
cell_633	5	0	0	2	0	0	2	0	0	2	0	50	0	3	0	0
cell_596	5	2	2	0	0	0	2	3	0	0	4	2	0	3	0	0
cell_230	5	12	0	0	5	0	0	0	0	0	0	2	0	0	0	0
cell_941	0	0	0	2	2	0	0	0	0	2	4	0	0	3	0	0
cell_721	2	2	6	0	2	0	0	0	0	0	2	0	2	3	4	2
cell_546	5	0	0	0	0	5	0	0	0	0	0	0	0	3	5	2
cell_155	5	12	0	0	0	2	0	0	0	0	0	2	0	0	0	5
cell_902	0	0	4	0	2	0	2	0	0	0	8	0	11	3	0	2
cell_473	0	2	0	0	4	0	0	0	0	0	5	2	0	0	2	0
cell_149	5	12	4	0	0	0	0	0	2	5	0	2	0	0	0	2
cell_609	5	0	0	2	0	0	2	0	0	0	2	0	0	3	0	0
cell_195	5	12	0	0	5	0	0	0	0	3	0	2	0	0	0	0
cell_810	4	0	2	0	2	0	0	0	0	4	0	0	2	3	0	0
cell_822	4	0	0	0	2	0	0	0	0	0	0	0	0	3	0	0
cell_449	0	0	0	0	4	0	0	0	0	0	5	2	0	0	2	0
cell_527	5	0	2	0	0	0	0	0	0	0	0	5	2	3	5	2
cell_71	5	12	3	0	0	0	0	0	0	0	2	2	2	0	0	0
cell_77	0	12	0	0	0	0	0	0	0	0	2	2	2	0	0	0
cell_594	5	2	17	0	0	0	2	0	0	2	4	2	0	3	0	2
cell_421	0	0	0	0	0	2	19	0	0	0	0	2	0	0	5	2
cell_283	0	3	0	0	0	0	0	5	0	0	4	2	0	0	2	0
cell_249	5	12	0	0	5	0	0	0	0	0	8	2	0	4	2	2
cell_356	0	0	0	0	0	0	0	0	0	0	0	2	0	0	0	0
cell_640	5	0	0	2	0	0	2	3	0	2	0	50	0	3	0	0
cell_912	0	0	4	0	2	2	0	0	0	0	8	0	0	3	0	2
cell_635	5	0	0	0	0	0	2	0	0	2	0	50	0	3	0	0
cell_920	0	0	4	2	2	0	0	0	0	0	3	0	0	3	0	0
cell_730	0	3	6	0	0	0	0	0	3	0	2	0	2	3	42	0
cell_25	0	12	0	0	0	0	0	3	0	0	2	2	2	0	0	0
cell_516	5	0	2	0	0	0	5	0	0	0	0	0	0	3	5	2
cell_898	0	0	4	0	2	2	0	0	0	0	8	0	11	3	0	2
cell_222	5	12	5	0	5	0	0	2	0	0	0	2	2	4	0	0
cell_423	0	0	0	0	0	2	19	0	0	0	0	2	0	0	0	2
cell_31	0	12	0	0	0	0	0	0	0	0	2	2	2	0	2	0
cell_905	0	0	4	2	2	2	0	0	0	0	8	0	2	3	0	2
cell_705	19	0	6	0	0	0	0	3	0	0	0	0	2	3	0	0
cell_740	0	3	6	0	0	0	0	0	0	0	0	0	2	3	61	0
cell_565	5	2	0	0	0	5	0	0	0	0	0	3	2	3	5	2
cell_187	5	12	0	0	3	2	0	0	0	0	0	2	2	2	0	0
cell_245	5	12	0	0	5	0	2	2	0	0	0	2	0	4	0	0
cell_196	5	12	0	0	5	0	0	0	0	3	0	2	0	0	0	0
cell_891	0	2	4	0	2	8	0	5	0	0	0	0	0	3	0	0
cell_397	4	5	0	0	2	0	19	0	0	0	4	2	0	0	0	0
cell_72	5	12	3	0	0	0	0	0	0	0	2	2	2	0	0	0
cell_307	2	0	0	0	0	0	3	0	0	0	0	2	0	0	2	0
cell_495	2	3	0	0	4	0	0	0	0	0	0	2	4	3	0	0
cell_808	4	0	0	0	2	0	5	0	0	0	0	8	0	3	0	0
cell_988	0	21	0	0	2	4	0	2	0	0	2	0	5	3	0	0
cell_641	0	0	0	2	0	2	0	0	0	0	0	0	0	3	0	4
cell_783	0	2	0	12	2	0	0	0	0	0	0	0	0	3	2	2
cell_870	0	0	0	2	2	8	0	5	0	0	2	0	0	3	2	0
cell_109	2	12	0	0	0	0	0	2	3	0	2	2	2	0	2	0
cell_788	0	2	2	0	2	0	0	0	0	0	0	0	8	3	2	0
cell_617	5	0	5	0	2	0	2	0	0	8	0	0	0	3	0	0
cell_945	0	5	0	0	2	0	0	0	0	2	0	0	0	3	73	0
cell_4	2	12	0	0	0	0	0	0	0	0	2	2	2	0	4	0
cell_513	5	0	2	0	0	0	5	0	0	0	0	0	0	3	5	2
cell_645	2	0	0	2	21	0	0	0	0	0	0	0	0	3	0	4
cell_244	5	12	0	0	5	2	0	0	0	0	0	2	0	4	0	2
cell_848	0	0	2	0	2	8	0	5	0	4	0	0	0	3	2	0
cell_506	2	3	0	0	4	0	0	0	0	0	0	2	0	0	0	0
cell_51	0	12	0	4	0	0	0	0	0	0	2	2	2	0	0	0
cell_583	5	0	2	0	0	2	2	10	0	3	0	0	0	3	0	0
cell_135	5	12	0	0	0	0	0	0	0	0	0	2	2	0	0	0
cell_236	5	12	0	0	5	0	0	0	0	0	0	2	0	0	0	0
cell_221	5	12	5	0	5	0	0	2	0	0	0	2	2	4	0	0
cell_128	0	12	0	0	0	0	0	0	0	0	2	2	2	0	0	0
cell_743	0	3	6	0	0	0	0	0	0	0	0	0	2	3	61	0
cell_748	0	2	6	0	0	0	2	3	0	0	0	0	2	3	61	0
cell_900	0	0	4	0	2	2	0	0	0	0	8	0	11	3	3	2
cell_226	5	12	0	0	5	0	0	11	0	0	0	2	0	0	0	0
cell_778	0	2	0	12	2	0	0	0	0	0	0	0	0	3	2	2
cell_75	0	12	0	2	0	0	0	0	0	0	2	2	2	0	0	0
cell_561	5	0	0	0	0	5	0	0	0	0	0	0	2	3	5	2
cell_412	0	5	2	0	0	0	19	0	0	0	0	2	0	0	0	2
cell_1024	5	0	0	0	2	0	2	5	0	0	0	0	2	3	0	0
cell_475	0	2	0	0	4	0	0	0	0	0	5	2	0	0	2	0
cell_639	5	0	0	2	0	0	2	3	0	2	0	50	0	3	0	0
cell_834	0	3	2	0	2	8	2	5	2	0	0	0	8	3	0	0
cell_956	0	5	0	5	2	0	0	2	0	0	0	5	0	3	0	0
cell_703	0	0	19	2	0	0	0	0	0	0	0	0	0	3	0	2
cell_302	2	0	0	2	0	0	0	2	0	0	0	2	2	0	2	0
cell_272	11	3	0	0	0	0	0	0	0	0	0	2	3	5	2	0
cell_687	0	0	0	2	0	0	2	0	5	0	0	5	0	3	0	2
cell_664	0	0	0	0	0	0	0	2	0	0	0	0	0	3	4	0
cell_886	0	0	0	0	2	8	0	5	0	0	0	0	0	3	0	0
cell_578	5	0	2	0	67	2	2	10	0	0	0	0	0	3	0	0
cell_321	0	0	0	0	0	0	0	10	11	0	0	2	0	0	0	0
cell_766	0	0	6	0	0	0	5	0	0	0	0	0	2	3	2	0
cell_563	5	0	0	0	0	5	0	0	0	0	0	0	2	3	5	2
cell_962	0	0	2	7	2	0	0	0	0	0	0	0	5	3	0	0
cell_689	0	0	0	0	0	0	0	0	0	0	0	0	2	3	0	2
cell_54	0	12	0	4	0	0	0	0	0	0	2	2	2	12	0	0
cell_637	5	0	2	2	0	0	2	3	2	2	0	50	0	3	0	0
cell_649	0	0	0	0	0	0	0	0	0	0	0	0	0	3	0	0
cell_13	0	12	0	2	0	0	2	5	0	0	2	2	2	2	0	0
cell_203	5	12	0	0	5	2	2	0	0	0	0	2	0	0	0	0
cell_937	0	0	0	2	2	0	0	0	0	0	0	2	0	3	0	0
cell_409	0	5	2	0	0	4	19	0	0	0	0	2	5	0	0	2
cell_110	2	12	0	0	0	0	0	2	3	0	2	2	2	0	2	0
cell_16	0	12	0	2	0	0	2	0	0	0	2	2	2	0	0	0
cell_995	2	0	0	0	2	0	0	5	3	5	2	0	0	3	0	0
cell_557	5	0	0	2	0	5	0	12	0	0	0	2	4	3	5	2
cell_150	5	12	4	0	0	0	0	0	2	5	0	2	0	0	0	2
cell_1007	0	0	0	0	2	0	0	5	0	0	0	0	3	3	3	0
cell_463	0	2	0	0	4	0	0	0	0	0	5	2	0	0	2	0
cell_27	0	12	0	0	0	0	0	3	0	0	2	2	2	0	0	0
cell_508	2	3	0	0	4	0	0	4	0	0	0	2	0	0	0	0
cell_136	5	12	0	0	0	0	0	0	0	0	0	2	2	0	0	0
cell_207	5	12	3	0	5	4	0	0	0	0	2	2	0	0	0	0
cell_965	0	0	2	0	2	0	0	0	0	0	0	0	5	3	0	0
cell_143	5	12	0	0	0	0	0	0	0	0	0	2	2	0	0	0
cell_1010	0	0	0	0	2	0	0	5	0	2	0	0	2	3	0	0
cell_719	0	0	6	0	0	0	0	3	0	0	0	2	2	3	0	2
cell_734	0	0	6	0	0	0	0	0	3	0	2	0	2	3	2	0
cell_1004	0	0	0	0	2	0	2	5	0	0	0	0	3	3	0	0
cell_652	0	0	0	0	0	0	0	0	0	0	0	0	0	3	0	0
cell_631	5	0	0	0	0	0	2	0	2	2	0	0	0	3	0	0
cell_134	5	12	0	0	0	0	0	0	0	0	0	2	2	3	16	0
cell_581	5	0	2	0	0	2	2	10	0	0	0	0	0	3	0	0
cell_100	2	12	0	0	0	0	0	2	0	0	2	2	2	0	2	0
cell_479	0	2	0	0	4	0	0	0	2	0	5	2	0	0	2	0
cell_601	5	0	0	0	0	0	2	8	0	0	0	0	0	3	0	0
cell_485	2	3	0	0	4	0	0	0	14	0	0	2	0	3	0	0
cell_40	0	12	2	4	0	0	0	0	0	2	2	2	2	0	0	0
cell_618	5	0	5	0	2	0	2	0	0	8	0	0	0	3	0	0
cell_297	2	0	0	2	0	2	0	0	0	0	0	2	0	0	2	0
cell_468	0	12	0	0	4	0	0	0	0	3	5	2	0	0	2	0
cell_998	2	0	0	0	2	0	0	5	9	0	0	0	0	3	0	0
cell_6	0	12	0	0	0	0	0	0	0	0	2	2	2	0	4	0
cell_99	2	12	0	0	0	0	0	2	0	0	2	2	2	0	2	0
cell_281	0	3	0	0	0	0	0	5	0	0	4	2	0	0	2	0
cell_682	0	0	0	2	0	0	2	0	5	0	0	5	0	3	2	2
cell_105	0	12	0	0	0	0	0	2	3	0	2	2	2	0	2	0
cell_101	0	12	0	0	0	0	0	2	0	0	2	2	2	0	2	0
cell_769	0	0	0	0	2	0	0	0	5	3	0	0	0	3	2	2
cell_885	0	0	0	0	2	8	0	5	0	0	0	0	0	3	0	0
cell_107	0	12	0	0	0	0	0	2	3	0	2	2	2	0	2	0
cell_825	4	0	0	0	2	0	0	0	0	0	0	0	0	3	0	0
cell_753	0	0	6	0	3	0	5	0	0	0	26	0	2	3	0	0
cell_197	5	12	0	0	5	0	0	0	0	4	0	2	0	0	0	0
cell_411	0	5	2	0	0	0	19	0	0	0	0	2	0	0	0	2
cell_909	0	0	4	0	2	2	0	0	0	0	8	0	0	3	0	2
cell_494	2	3	0	0	4	0	0	0	0	0	2	2	0	3	0	0
cell_290	0	0	0	2	0	0	5	0	0	0	0	2	0	2	2	0
cell_908	0	0	4	2	2	2	0	5	0	0	8	0	0	3	0	2
cell_112	0	12	0	0	0	0	0	2	3	0	2	2	2	0	2	0
cell_692	0	0	0	0	0	0	0	0	0	0	0	0	2	3	0	2
cell_317	0	0	0	0	0	2	0	5	0	0	0	2	0	0	2	0
cell_529	5	0	2	0	0	2	0	2	0	0	0	14	0	3	5	2
cell_593	5	2	17	0	0	0	2	0	0	2	4	2	0	3	0	2
cell_500	2	3	0	0	4	2	3	2	0	0	0	2	0	0	0	0
cell_503	2	3	0	0	4	0	3	0	0	0	0	2	0	0	0	0
cell_665	0	0	0	24	0	0	0	2	0	0	0	0	0	3	0	0
cell_712	10	0	6	0	0	0	0	3	0	0	0	0	2	3	0	0
cell_369	0	0	0	0	2	0	3	0	0	0	0	2	0	0	0	2
cell_685	0	0	0	2	0	0	2	0	5	0	0	5	0	3	0	2
cell_881	0	0	0	0	2	8	0	5	5	3	0	0	4	3	2	0
cell_489	2	3	5	0	4	0	0	0	0	0	3	2	0	3	0	0
cell_803	4	0	0	0	2	9	0	0	0	0	0	0	4	3	0	5
cell_910	0	0	4	0	2	2	0	0	0	0	8	0	0	3	0	2
cell_434	0	0	0	0	0	2	19	19	2	0	0	2	0	0	0	0
cell_141	5	12	0	2	0	0	0	0	0	0	0	2	2	0	0	0
cell_273	2	3	5	0	0	0	0	5	3	0	0	2	0	0	2	0
cell_335	0	0	0	0	0	0	0	0	0	0	0	2	0	0	0	0
cell_683	0	0	0	2	0	0	2	0	5	0	0	5	0	3	0	2
cell_771	0	0	0	0	2	0	0	0	0	3	0	0	5	3	2	2
cell_407	0	5	2	0	0	0	19	0	0	0	3	2	0	0	0	0
cell_116	0	12	0	0	53	0	5	0	5	0	2	2	2	0	5	0
cell_860	0	0	0	0	2	8	0	5	4	0	5	2	0	3	2	0
cell_760	0	0	6	3	0	0	5	0	0	0	26	0	2	3	0	0
cell_747	0	2	6	0	0	0	2	3	0	0	0	0	2	3	61	0
cell_153	5	12	0	0	0	2	0	0	0	0	0	2	0	0	0	5
cell_119	0	12	0	0	53	0	29	0	0	0	2	2	2	0	0	0
cell_972	0	2	0	0	2	0	0	0	0	0	0	0	5	3	0	0
cell_569	5	19	0	0	0	5	0	0	0	0	0	0	0	3	5	2
cell_32	0	12	0	0	0	0	0	0	0	0	2	2	2	0	2	0
cell_365	0	0	0	2	0	0	0	0	0	0	2	2	0	0	2	0
cell_126	0	12	0	0	0	0	0	0	0	0	2	2	2	0	0	0
