V1	V2	V3	V4	V5	V6	V7	V8	V9	V10	V11	V12	V13	V14	V15	V16
cell_1812	2	0	57	0	0	0	0	0	0	0	2	0	2	2	2	2
cell_678	0	8	0	5	2	0	0	0	2	0	0	0	3	2	2	0
cell_1090	0	2	2	0	3	0	0	0	0	0	0	0	2	2	0	2
cell_622	2	0	0	5	0	2	2	0	0	0	0	3	2	2	0	0
cell_1858	2	3	57	5	2	0	2	0	0	0	0	0	2	2	0	2
cell_1734	0	0	0	0	4	0	2	0	0	2	2	2	2	2	2	0
cell_1393	0	0	2	0	0	0	0	0	2	0	2	2	2	2	0	0
cell_1675	0	0	0	0	0	0	2	2	0	26	0	0	2	2	0	0
cell_1922	2	0	0	0	0	0	0	2	0	2	9	0	2	2	0	5
cell_839	2	0	0	5	2	0	2	0	2	0	0	0	0	6	0	8
cell_1836	2	0	57	0	0	0	0	0	0	2	2	0	2	2	0	2
cell_690	0	0	0	5	0	12	0	0	2	0	0	0	0	2	0	0
cell_428	28	2	0	5	0	2	0	0	2	0	29	2	0	0	0	0
cell_282	28	2	0	5	2	2	0	0	0	0	0	2	0	0	0	2
cell_1790	0	0	0	0	0	0	2	5	0	0	2	0	2	2	0	2
cell_727	0	5	2	5	0	0	0	0	0	0	0	0	0	0	4	0
cell_526	2	0	2	5	0	0	0	0	0	0	0	0	0	2	5	0
cell_1222	0	2	0	0	0	0	5	2	0	5	5	0	2	2	2	0
cell_878	2	0	0	5	0	0	2	0	2	0	0	0	2	6	0	0
cell_2003	2	2	0	0	0	0	3	0	0	0	15	0	2	2	0	0
cell_39	0	2	2	5	2	21	0	2	0	0	0	0	2	2	0	0
cell_511	28	2	2	5	0	2	0	0	2	11	2	0	3	0	0	0
cell_634	0	0	0	5	0	2	2	0	2	0	0	0	0	0	0	2
cell_292	28	2	0	5	0	2	2	0	0	5	2	0	0	0	0	0
cell_329	28	2	0	5	0	2	0	3	2	0	0	0	0	12	4	2
cell_1143	0	0	0	0	0	0	0	0	0	5	0	2	2	2	0	2
cell_771	2	0	0	5	0	5	2	8	2	0	0	0	0	6	0	0
cell_515	2	0	0	5	0	0	5	0	0	0	0	0	0	0	5	0
cell_2009	2	0	0	0	0	0	3	0	0	0	2	0	2	2	2	2
cell_958	2	0	0	5	0	2	2	2	15	0	0	2	0	0	0	0
cell_1104	0	2	0	0	0	0	5	0	0	0	5	0	2	2	0	2
cell_792	2	0	2	5	0	0	2	8	0	0	2	0	0	6	2	0
cell_1917	2	0	57	0	2	0	2	0	0	5	0	0	2	2	0	2
cell_1572	0	0	0	0	2	0	2	0	0	0	0	0	2	2	0	0
cell_423	28	2	2	5	0	2	0	0	2	0	29	0	0	0	0	0
cell_1782	0	0	0	0	0	2	2	0	0	0	2	0	2	2	0	2
cell_1467	2	4	2	0	0	0	0	2	2	0	0	0	2	2	0	0
cell_608	0	5	0	5	0	6	0	3	0	0	5	12	0	0	0	0
cell_1279	0	2	2	0	0	2	5	4	0	2	0	0	2	2	0	0
cell_184	0	2	5	5	0	0	2	0	4	0	0	0	2	0	0	0
cell_1530	0	0	0	0	0	0	0	0	2	0	0	0	2	2	0	0
cell_698	0	0	0	5	0	12	0	0	2	5	0	0	2	2	3	0
cell_536	2	0	0	5	0	0	0	2	0	0	0	11	0	0	5	2
cell_1662	0	10	0	0	0	0	2	0	0	0	2	0	2	2	0	3
cell_129	2	2	0	5	4	0	0	0	0	0	5	0	0	0	0	0
cell_1781	0	0	0	0	0	2	2	0	0	0	2	0	2	2	0	2
cell_1211	3	0	12	0	14	0	0	0	0	0	0	0	2	2	0	0
cell_10	0	2	0	5	2	21	0	36	0	0	0	0	0	0	0	0
cell_867	2	2	0	5	0	3	2	4	2	0	0	0	0	6	0	3
cell_1260	2	2	2	0	0	0	5	0	0	0	2	2	2	2	0	5
cell_812	2	9	0	5	0	4	2	2	0	2	0	0	0	6	2	5
cell_1168	0	0	12	0	0	0	0	0	0	0	0	0	2	2	0	21
cell_2022	2	3	0	0	0	0	3	0	0	0	0	0	2	2	0	0
cell_1995	2	0	0	0	0	0	3	0	0	0	0	0	2	2	0	0
cell_427	28	2	0	5	0	2	0	0	2	0	29	2	0	0	0	0
cell_1680	0	0	0	0	0	2	2	2	0	3	5	0	2	2	0	0
cell_144	2	2	0	5	4	0	0	0	0	0	5	0	0	0	0	0
cell_1115	0	2	0	0	0	0	0	0	0	0	0	0	2	2	0	2
cell_948	0	0	0	5	0	0	2	0	15	0	0	2	0	0	0	0
cell_1462	0	0	2	0	0	0	0	2	2	0	0	0	2	2	0	0
cell_1270	0	2	2	0	0	0	5	4	0	0	0	0	2	2	0	0
cell_1942	2	0	0	0	0	3	0	0	0	0	0	0	2	2	6	0
cell_326	28	2	0	5	0	2	3	0	2	0	0	0	0	12	2	2
cell_1821	2	0	57	0	0	0	0	0	0	0	2	2	2	2	0	2
cell_1863	2	3	57	0	2	0	2	0	0	0	0	0	2	2	0	2
cell_591	0	40	0	5	0	3	0	0	0	3	0	7	2	0	0	2
cell_324	28	2	0	5	0	2	3	0	2	0	0	0	0	12	0	2
cell_784	2	0	0	5	0	0	2	8	2	0	0	12	0	6	0	0
cell_731	0	0	0	5	0	0	0	0	0	0	0	0	0	0	4	0
cell_520	2	0	0	5	0	0	5	0	0	0	0	0	0	0	5	0
cell_1457	3	2	2	0	0	0	0	2	2	0	0	0	2	2	0	0
cell_774	2	0	0	5	8	5	2	8	2	0	0	0	0	6	0	0
cell_1396	0	0	2	0	0	0	0	0	2	0	2	2	2	2	0	0
cell_740	3	0	0	5	0	0	0	0	0	2	0	0	0	0	4	2
cell_1691	0	0	0	0	0	0	2	0	0	0	0	0	2	2	2	0
cell_1968	2	0	0	0	0	0	0	0	0	0	0	0	2	2	0	5
cell_1906	2	0	57	0	0	0	0	0	0	0	0	0	2	2	0	2
cell_902	0	3	0	5	0	2	2	0	15	0	0	0	3	0	0	0
cell_1893	2	0	57	0	5	0	0	0	0	0	0	0	2	2	0	2
cell_296	28	2	0	5	0	2	2	2	0	5	2	0	0	0	0	0
cell_381	28	2	0	5	0	2	0	0	2	0	0	2	0	0	2	0
cell_1608	0	38	0	0	0	0	2	0	0	0	4	11	2	2	0	0
cell_1640	0	6	0	0	0	0	2	0	0	0	2	0	2	2	0	0
cell_483	28	2	2	5	0	2	5	2	2	0	0	0	0	0	0	0
cell_1347	10	0	2	0	0	2	0	0	2	0	0	2	2	2	0	0
cell_1647	0	6	0	0	0	0	2	0	0	0	2	0	2	2	0	5
cell_1880	2	0	57	0	0	0	0	0	0	0	0	0	2	2	0	2
cell_477	28	2	0	5	4	2	0	0	2	0	0	2	0	0	5	0
cell_592	0	40	0	5	0	3	0	0	0	3	0	7	2	0	0	2
cell_179	0	2	0	5	0	0	2	0	3	0	0	0	0	0	0	0
cell_210	0	2	0	5	0	0	19	2	0	4	5	2	0	2	0	0
cell_426	28	2	0	5	0	2	0	0	2	0	29	0	0	0	0	0
cell_1154	0	0	12	2	3	0	0	0	0	0	0	0	2	2	0	21
cell_443	28	2	0	5	0	2	0	0	2	0	0	2	0	0	5	0
cell_1232	0	2	0	0	0	34	5	2	0	5	0	0	2	2	0	0
cell_1564	2	0	0	0	0	0	2	0	20	0	0	0	2	2	0	0
cell_1437	0	0	0	0	9	2	14	2	2	0	2	0	2	2	3	0
cell_977	0	4	0	5	0	3	2	0	15	0	0	0	0	0	0	50
cell_999	0	0	0	5	0	0	2	2	15	0	0	0	0	0	0	0
cell_1148	4	0	0	0	3	0	0	5	0	5	0	0	2	2	0	2
cell_62	4	2	0	5	2	21	0	0	0	0	0	0	2	0	0	0
cell_2027	2	0	0	0	4	0	3	4	0	0	2	2	2	2	0	0
cell_1721	0	0	0	0	0	0	2	0	3	0	0	2	2	2	2	0
cell_1275	0	2	2	0	0	2	5	4	0	2	0	0	2	2	0	0
cell_108	0	2	2	5	0	21	0	2	0	0	0	2	0	0	2	0
cell_103	3	2	0	5	0	21	0	2	0	0	0	5	0	0	2	0
cell_151	2	2	0	5	3	0	2	0	0	0	0	0	0	0	0	0
cell_301	28	2	0	5	0	2	2	0	0	5	2	3	2	0	0	0
cell_1520	0	0	0	0	4	0	0	0	2	0	0	0	2	2	2	0
cell_1580	0	0	0	0	0	0	2	0	2	0	0	0	2	2	2	0
cell_2014	2	120	2	0	0	0	3	0	0	2	0	0	2	2	2	2
cell_562	0	0	0	5	0	3	0	0	6	10	0	0	2	0	5	0
cell_82	0	2	0	5	0	21	0	2	0	0	0	0	0	0	0	0
cell_460	28	2	0	5	4	2	0	0	2	0	0	0	12	0	2	0
cell_492	28	2	2	5	0	2	0	0	2	0	0	0	0	0	0	0
cell_1506	0	0	0	0	0	0	0	0	2	0	0	10	2	2	0	0
cell_1531	0	0	0	0	0	0	0	12	2	0	0	0	2	2	0	0
cell_281	28	2	0	5	2	2	0	0	0	0	0	2	0	0	0	2
cell_749	0	0	0	5	2	0	0	0	0	0	0	0	0	0	4	0
cell_1440	0	0	0	0	9	2	14	2	2	0	2	2	2	2	3	0
cell_830	2	9	2	5	0	0	2	0	5	0	0	3	0	6	0	0
cell_1747	0	0	2	0	5	5	2	0	2	2	2	2	2	2	5	0
cell_975	0	0	0	5	0	3	2	2	15	5	0	0	0	0	0	0
cell_1131	0	0	0	0	10	0	2	0	0	5	0	0	2	2	0	2
cell_1723	0	0	2	0	0	0	2	0	3	0	0	2	2	2	2	0
cell_1786	0	0	0	0	0	0	2	0	0	0	2	0	2	2	0	2
cell_1926	2	0	0	0	0	0	0	2	0	2	0	3	2	2	0	5
cell_1027	0	0	0	0	2	0	0	0	2	0	2	0	2	2	19	2
cell_1190	3	0	12	0	0	0	0	0	0	2	0	0	2	2	0	0
cell_801	2	9	0	5	0	2	2	2	2	2	0	0	0	6	2	5
cell_1206	3	0	12	0	0	0	0	0	0	0	0	0	2	2	0	0
cell_1091	0	2	2	0	0	0	0	0	0	0	0	0	2	2	0	2
cell_1306	0	0	0	2	0	0	0	8	2	5	0	0	2	2	0	0
cell_1837	2	0	57	0	0	0	0	0	0	2	2	0	2	2	0	2
cell_1305	0	0	0	2	0	0	0	8	2	5	0	0	2	2	0	0
cell_1911	2	0	57	0	0	0	0	0	0	0	0	0	2	2	0	2
cell_467	28	2	3	5	4	2	0	0	2	0	0	0	0	0	0	0
cell_1378	0	0	2	3	0	0	0	0	2	0	2	2	2	2	2	0
cell_1597	0	0	5	5	21	0	2	0	0	0	0	0	2	2	0	0
cell_1036	0	0	0	0	2	0	0	0	2	0	3	0	2	2	19	2
cell_561	0	0	0	5	0	3	0	0	6	10	0	0	2	0	5	0
cell_207	2	2	0	5	0	5	19	2	3	0	5	2	0	2	0	2
cell_1050	0	0	0	0	0	0	0	0	2	0	0	0	2	2	19	2
cell_1811	2	0	57	0	0	0	0	0	0	0	2	0	2	2	2	2
cell_545	0	0	0	5	0	0	0	0	0	0	0	2	0	0	5	2
cell_113	0	2	0	5	0	21	0	2	0	5	3	0	0	0	0	0
cell_1814	2	0	57	0	2	0	0	0	0	2	2	0	2	2	0	2
cell_1891	2	0	57	0	0	12	0	0	0	0	0	0	2	2	0	2
cell_979	0	4	0	5	0	3	2	0	15	0	0	0	0	0	0	0
cell_459	28	2	0	5	4	2	0	0	2	0	0	0	12	0	2	0
cell_469	28	2	0	5	4	2	0	0	2	0	0	0	0	0	0	0
cell_1687	0	0	2	0	0	0	2	0	0	0	0	0	2	2	2	0
cell_1979	2	0	0	0	0	0	0	0	0	3	0	4	2	2	0	0
cell_1447	0	0	0	4	0	0	0	2	2	2	0	3	2	2	2	0
cell_230	0	2	0	5	0	23	19	2	0	0	0	2	5	2	0	0
cell_1947	2	0	5	0	0	3	2	4	0	0	0	2	2	2	6	0
cell_1778	0	0	0	0	0	2	2	0	2	0	2	0	2	2	0	2
cell_1217	0	2	0	0	0	0	5	0	0	5	0	0	2	2	0	0
cell_1725	0	0	0	0	0	0	2	0	3	3	0	2	2	2	2	0
cell_1015	0	0	0	5	0	0	2	0	15	0	0	0	0	0	5	0
cell_831	2	9	2	5	0	0	2	0	5	0	0	0	0	6	0	0
cell_1377	0	0	2	3	0	0	0	0	2	0	2	2	2	2	2	0
cell_1385	0	0	2	3	0	0	5	2	2	0	2	2	2	2	0	0
cell_1928	2	0	0	0	0	0	0	2	0	2	0	4	2	2	0	5
cell_405	28	2	2	5	0	2	0	0	2	0	0	0	0	0	0	2
cell_275	28	2	0	5	2	2	0	0	0	0	0	0	0	0	5	2
cell_203	2	2	0	5	0	5	19	2	3	2	5	2	0	2	0	2
cell_1673	0	0	0	0	0	0	2	2	0	26	0	0	2	2	0	0
cell_1649	5	0	2	0	0	0	2	0	0	0	2	0	2	2	0	2
cell_619	2	2	0	5	0	2	2	0	4	0	0	0	2	0	0	0
cell_1057	2	3	0	0	3	0	0	0	0	0	2	0	2	2	19	2
cell_1959	2	0	0	0	0	0	2	0	0	0	0	2	2	2	0	0
cell_502	28	2	2	5	0	2	0	0	2	0	0	0	0	0	0	0
cell_529	2	0	0	5	0	0	0	0	0	0	0	0	0	0	5	2
cell_1241	2	2	2	0	0	5	5	3	0	0	0	0	2	2	5	0
cell_1827	2	0	57	0	0	0	0	0	0	2	2	0	2	2	0	2
cell_661	0	0	0	5	0	0	2	4	2	0	0	0	0	2	0	0
cell_1924	2	0	0	0	0	0	0	2	0	2	9	0	2	2	0	5
cell_29	0	2	0	5	2	21	0	0	0	0	2	0	0	0	0	0
cell_101	3	2	0	5	0	21	0	2	0	0	0	0	0	0	2	0
cell_741	0	0	0	5	0	0	0	0	0	5	0	2	0	0	4	0
cell_1406	0	0	2	0	0	0	0	0	2	0	2	2	2	2	0	0
cell_197	0	2	2	5	0	5	19	2	3	0	5	2	0	2	0	0
cell_96	0	2	0	5	7	21	0	2	2	0	0	9	0	2	0	0
cell_1388	0	0	2	3	0	0	5	2	2	0	2	2	2	2	0	0
cell_1397	0	2	2	0	2	0	0	0	2	5	2	2	2	2	0	0
cell_613	2	0	0	5	0	2	2	0	4	0	0	0	0	0	0	0
cell_965	0	0	0	5	0	3	2	0	15	5	0	0	0	6	0	0
cell_549	0	0	0	5	0	0	0	0	0	0	0	2	0	0	5	2
cell_1203	3	0	12	0	0	0	0	0	12	0	0	0	2	2	0	0
cell_968	0	0	0	5	0	3	2	0	15	5	0	0	0	0	13	0
cell_1879	2	0	57	0	0	0	0	0	0	0	0	0	2	2	0	2
cell_1419	0	0	0	0	0	0	0	2	2	0	0	0	2	2	2	2
cell_879	2	0	0	5	0	0	2	0	2	0	0	0	2	6	0	0
cell_1562	2	0	0	0	0	0	2	0	20	0	0	0	2	2	0	0
cell_803	2	9	0	5	0	0	2	0	0	2	0	0	0	6	2	5
cell_266	28	2	3	5	2	2	2	0	0	0	0	2	0	0	0	0
cell_1955	2	0	0	0	0	0	2	0	0	0	0	0	2	2	0	0
cell_508	28	2	2	5	0	2	0	0	2	11	2	0	3	0	0	0
cell_1381	0	0	2	3	0	3	0	0	2	0	2	2	2	2	0	0
cell_389	28	2	2	5	0	2	0	0	2	0	0	0	0	0	0	0
cell_1598	0	0	5	5	21	0	2	0	0	0	0	0	2	2	0	0
cell_1247	2	2	3	0	0	0	5	3	0	0	0	0	2	2	0	0
cell_1488	0	0	3	0	0	0	0	2	2	2	0	0	2	2	15	0
cell_396	28	2	2	5	2	2	0	0	2	0	0	2	3	0	0	0
cell_1940	2	0	0	0	0	3	0	0	0	0	0	0	2	2	6	0
cell_66	0	2	5	5	2	21	0	2	0	0	0	0	0	2	0	2
cell_288	28	2	0	5	2	2	0	0	0	0	10	0	0	0	0	2
cell_1338	0	0	0	0	11	0	0	0	2	0	0	2	2	2	0	0
cell_710	5	0	0	5	0	0	0	0	0	0	0	0	0	0	4	0
cell_1557	2	0	0	0	5	0	2	0	0	2	0	0	2	2	0	0
cell_345	28	2	0	5	0	2	0	2	2	3	0	0	0	12	0	0
cell_312	28	2	0	5	0	2	3	0	0	0	15	0	0	0	0	0
cell_772	2	0	0	5	0	5	2	8	2	0	0	0	0	6	0	0
cell_534	2	0	5	5	0	8	0	0	0	0	0	0	0	0	5	2
cell_376	28	2	0	5	0	2	2	0	2	0	4	0	0	0	2	0
cell_1707	0	0	0	12	0	0	2	0	0	0	0	2	2	2	2	0
cell_316	28	2	0	5	0	2	0	0	2	0	0	0	0	2	0	0
cell_1428	0	0	0	0	0	5	0	2	2	0	0	0	2	2	2	0
cell_1415	0	0	0	0	0	0	0	2	2	0	3	0	2	2	2	0
cell_1659	0	0	0	0	0	0	2	0	0	0	2	0	2	2	0	3
cell_1023	0	0	0	5	0	0	2	0	15	0	0	0	0	0	0	0
cell_615	2	0	0	5	0	2	2	0	0	0	0	0	0	0	0	0
cell_1364	0	0	2	0	0	0	0	0	2	0	0	2	2	2	0	0
cell_1339	0	0	2	0	11	0	0	0	2	0	0	0	2	2	0	0
cell_1335	0	0	0	0	0	0	0	0	2	0	0	2	2	2	0	0
cell_114	0	2	0	5	0	21	0	2	0	5	3	0	0	0	0	0
cell_1867	2	3	57	2	2	0	0	0	0	0	0	0	2	2	3	2
cell_1825	2	0	57	0	0	0	0	0	0	2	2	0	2	2	0	2
cell_679	2	0	0	5	0	0	0	0	2	0	0	0	3	2	2	0
cell_435	28	2	0	5	0	2	0	0	2	0	0	0	0	0	0	0
cell_2031	2	0	0	0	0	0	3	0	0	2	2	2	2	2	0	0
cell_706	0	0	0	5	0	0	0	0	0	0	0	0	0	0	4	0
cell_823	2	9	0	5	0	3	2	0	0	2	0	0	0	6	2	0
cell_770	2	0	0	5	0	5	2	8	2	0	0	0	0	6	0	0
cell_951	0	0	0	5	4	0	2	0	15	0	0	2	0	0	0	0
cell_1000	0	0	0	5	0	0	2	2	15	0	0	0	0	0	0	0
cell_750	0	0	0	5	2	0	0	0	0	0	0	0	0	0	4	0
cell_309	28	2	0	5	0	2	0	8	0	0	0	0	0	0	0	0
cell_1485	0	0	3	0	0	0	0	2	2	2	0	0	2	2	15	0
cell_343	28	2	0	5	0	2	0	0	2	0	0	0	0	12	0	0
cell_1006	2	0	0	5	0	0	2	0	15	0	12	0	0	0	0	0
cell_118	0	2	0	5	0	21	0	2	0	0	0	0	0	6	2	0
cell_1621	0	0	0	0	0	5	2	0	0	0	0	11	2	2	0	5
cell_672	0	0	0	5	0	0	0	0	2	0	2	0	0	2	0	2
cell_371	28	2	0	5	0	2	0	0	2	0	0	0	0	0	2	0
cell_400	28	2	2	5	0	2	2	0	2	0	0	2	0	0	0	0
cell_1882	2	0	57	0	3	0	0	0	0	0	0	0	2	2	0	2
cell_482	28	2	2	5	0	2	0	0	2	0	0	0	0	0	0	0
cell_1762	0	0	0	0	6	0	2	5	2	0	2	2	2	2	0	0
cell_1259	2	2	2	0	0	0	5	0	0	0	2	2	2	2	0	5
cell_1999	2	0	0	0	0	5	3	0	0	0	0	0	2	2	0	0
cell_1304	0	0	2	2	0	0	0	8	2	2	0	0	2	2	0	0
cell_1684	0	0	0	0	0	0	2	0	0	3	0	5	2	2	2	2
cell_1267	0	2	2	2	0	8	5	4	0	0	0	0	2	2	0	0
cell_1788	0	0	5	0	0	0	2	0	0	0	2	0	2	2	0	2
cell_518	2	0	0	5	0	0	5	0	0	0	0	0	0	0	5	0
cell_121	0	2	0	5	0	21	0	2	0	0	0	0	0	0	0	0
cell_1949	2	0	0	0	0	3	0	0	0	21	0	0	2	2	6	0
cell_1357	10	0	2	0	0	0	0	0	2	2	3	2	2	2	0	19
cell_1151	0	2	0	0	0	0	0	0	0	5	0	0	2	2	0	2
cell_458	28	2	0	5	4	2	0	0	2	0	0	0	12	0	0	0
cell_337	28	2	0	5	0	2	0	0	2	0	0	0	0	12	0	0
cell_1939	2	0	0	0	0	3	0	0	0	0	0	0	2	2	6	0
cell_497	28	2	2	5	0	2	0	0	2	0	0	8	0	0	0	0
cell_976	0	0	0	5	0	3	2	2	15	5	0	0	0	0	0	0
cell_882	2	0	3	5	0	8	2	3	2	0	0	0	0	6	0	0
cell_1623	0	0	0	0	0	0	2	0	0	0	0	11	2	2	0	5
cell_666	0	0	0	5	0	0	0	2	2	0	0	0	0	2	0	0
cell_1957	2	0	0	0	0	0	2	0	0	0	0	0	2	2	0	0
cell_1150	0	2	0	0	0	0	0	0	0	5	0	0	2	2	0	2
cell_914	0	0	0	5	5	3	2	0	15	0	0	0	0	0	0	0
cell_1585	0	0	11	0	0	0	2	2	0	0	0	0	2	2	2	0
cell_1030	0	0	0	0	2	0	0	0	2	0	0	0	2	2	19	2
cell_912	2	0	0	5	0	13	2	0	15	20	5	0	3	0	0	0
cell_796	2	0	0	5	0	0	2	8	2	0	2	0	0	6	2	0
cell_1996	2	0	0	0	0	0	3	0	0	0	0	0	2	2	0	0
cell_293	28	2	0	5	0	2	2	2	0	5	2	2	0	0	0	2
cell_737	3	0	0	5	0	0	0	0	0	53	0	0	0	0	4	0
cell_172	10	2	0	5	0	0	2	0	3	0	0	0	21	0	0	0
cell_1320	0	0	0	0	0	2	2	0	2	0	0	0	2	2	0	0
cell_194	0	2	0	5	0	5	19	2	3	0	5	2	0	2	0	0
cell_1828	2	0	57	0	0	0	0	0	0	2	2	0	2	2	0	2
cell_1475	0	0	0	48	5	0	0	0	2	2	0	0	2	2	0	0
cell_171	10	2	0	5	0	0	2	0	3	0	0	0	21	0	0	0
cell_1665	0	0	0	0	11	2	2	2	0	0	2	0	2	2	0	5
cell_954	2	2	0	5	0	2	2	0	15	0	0	2	0	0	0	0
cell_83	0	2	0	5	0	21	0	2	0	0	0	0	0	0	0	0
cell_1889	2	0	57	0	0	0	0	0	0	0	0	0	2	2	0	2
cell_1077	0	0	0	0	0	0	0	0	0	0	0	5	2	2	19	2
cell_2018	2	0	0	0	0	0	3	0	0	2	0	0	2	2	0	0
cell_928	0	0	0	5	0	0	2	0	15	0	0	40	0	0	0	4
cell_43	0	2	0	5	2	21	0	0	0	0	0	0	2	2	0	0
cell_1840	2	0	57	0	0	0	0	0	0	2	2	0	2	2	0	2
cell_1869	2	3	57	0	2	2	0	0	0	0	0	0	2	2	3	2
cell_782	2	0	0	5	0	0	2	8	2	0	0	12	0	6	0	0
cell_725	0	5	2	5	0	0	0	0	0	0	0	0	0	2	4	0
cell_1327	3	2	0	0	0	0	0	0	2	0	2	0	2	2	0	0
cell_1574	0	0	0	0	0	0	2	0	0	0	0	0	2	2	0	0
cell_599	0	5	0	5	0	2	0	0	0	0	0	0	0	0	0	0
cell_1625	0	0	0	0	0	0	2	0	0	2	0	11	2	2	0	5
cell_1433	0	0	0	0	9	2	14	2	2	0	2	0	2	2	3	2
cell_510	28	2	2	5	0	2	0	0	2	11	2	0	3	0	0	0
cell_221	0	2	4	5	0	0	19	2	0	0	5	2	0	2	0	0
cell_1088	0	0	0	0	0	0	0	0	0	4	0	0	2	2	19	2
cell_65	0	2	5	5	2	21	0	2	0	0	0	0	0	2	0	2
cell_437	28	2	0	5	0	2	0	0	2	0	0	0	108	0	0	0
cell_1946	2	0	5	4	0	3	0	4	0	0	0	2	2	2	6	0
cell_540	2	2	0	5	0	2	2	0	0	0	0	0	0	0	5	0
cell_642	0	0	3	5	0	0	8	0	2	0	0	5	0	2	0	0
cell_77	2	2	0	5	0	21	0	2	0	0	0	0	0	2	0	0
cell_1286	0	0	0	2	0	0	3	2	2	0	2	0	2	2	4	0
cell_5	0	2	2	5	2	21	2	0	0	0	0	0	0	2	0	0
cell_1677	0	0	0	0	0	2	2	2	0	3	0	0	2	2	0	0
cell_1708	0	0	0	12	0	0	2	0	0	0	0	2	2	2	2	0
cell_87	0	2	0	5	2	21	0	2	0	0	0	0	0	0	2	2
cell_503	28	2	2	5	0	2	0	0	2	0	0	0	5	0	0	0
cell_623	2	0	0	5	0	2	2	0	0	0	0	3	2	2	0	0
cell_1256	0	2	2	0	0	2	5	0	0	0	0	0	2	2	0	0
cell_200	0	2	0	5	0	5	19	2	3	0	5	2	0	2	0	0
cell_981	0	4	0	5	0	3	2	0	15	0	0	0	0	0	5	0
cell_2007	2	0	0	0	0	0	3	0	0	0	0	0	2	2	0	0
cell_347	28	2	0	5	0	2	0	2	2	3	0	0	2	12	0	0
cell_1960	2	0	0	0	0	0	2	0	0	0	0	2	2	2	0	0
cell_398	28	2	2	5	0	2	0	0	2	0	0	2	0	0	0	0
cell_1212	3	0	12	0	14	0	0	0	0	0	0	0	2	2	0	0
cell_1313	2	0	0	2	0	2	0	0	2	0	0	0	2	2	0	0
cell_1376	0	0	2	0	5	0	4	0	2	0	0	2	2	2	0	0
cell_1679	0	0	0	0	0	2	2	2	0	3	5	0	2	2	0	0
cell_1107	0	2	8	0	0	0	5	0	0	0	0	0	2	2	0	2
cell_1495	0	2	0	0	0	0	0	0	2	2	0	0	2	2	0	4
cell_1109	0	2	0	0	0	0	0	0	0	0	0	0	2	2	0	2
cell_1746	0	0	0	0	5	5	2	0	2	2	2	2	2	2	5	0
cell_1699	3	0	0	12	0	0	2	0	0	0	0	2	2	2	2	59
cell_1243	2	2	0	0	0	5	5	3	0	49	0	0	2	2	0	0
cell_992	2	0	0	5	0	3	2	2	15	0	0	0	4	0	0	2
cell_1954	2	0	0	0	0	0	2	0	0	0	0	0	2	2	0	0
cell_2045	2	0	0	5	0	0	3	0	2	0	5	3	2	2	0	0
cell_653	0	3	0	5	0	0	0	0	2	2	0	0	0	2	0	0
cell_131	2	2	0	5	4	0	0	0	0	3	5	0	0	0	0	0
cell_524	2	0	0	5	0	0	0	0	0	0	0	0	0	0	5	0
cell_972	0	0	0	5	0	3	2	0	15	5	0	0	20	5	0	0
cell_1727	0	0	0	0	0	0	2	0	3	3	0	2	2	2	2	0
cell_794	2	0	0	5	0	0	2	8	2	0	2	0	0	6	2	0
cell_988	0	0	0	5	0	3	2	2	15	0	0	0	4	0	0	0
cell_479	28	2	0	5	4	2	0	0	2	0	0	2	0	0	0	0
cell_1365	0	2	2	0	0	0	0	0	2	0	0	2	2	2	0	0
cell_237	0	2	0	5	0	0	19	0	0	0	0	2	0	2	0	0
cell_664	0	0	0	5	0	0	2	4	2	0	0	0	0	2	0	0
cell_1943	2	0	0	0	0	3	0	0	0	0	0	0	2	2	6	0
cell_1272	0	2	2	0	0	6	5	4	0	0	0	0	2	2	0	0
cell_1022	0	0	0	5	0	0	2	0	15	0	2	0	0	0	0	2
cell_11	0	2	0	5	2	21	0	0	0	0	0	0	0	0	0	0
cell_1838	2	0	57	0	0	0	0	0	0	2	2	0	2	2	0	2
cell_724	0	0	2	5	0	4	0	9	0	0	0	0	0	0	4	0
cell_649	0	0	2	5	0	0	0	0	2	2	5	0	0	2	0	0
cell_910	2	0	0	5	0	13	2	0	15	0	5	0	3	0	0	0
cell_1737	0	0	0	0	0	0	2	2	0	0	2	2	2	2	0	0
cell_1081	0	0	0	0	0	0	0	0	0	0	2	0	2	2	19	2
cell_1603	0	0	0	0	0	0	2	0	0	0	4	11	2	2	0	0
cell_466	28	2	0	5	4	2	0	0	2	0	0	0	0	0	2	0
cell_1555	2	0	0	0	5	0	2	0	0	0	0	0	2	2	0	0
cell_1219	0	2	0	0	0	0	5	0	0	5	0	0	2	2	0	0
cell_533	2	0	5	5	0	8	0	0	0	0	0	0	0	0	5	2
cell_730	0	0	0	5	0	0	0	0	2	0	0	7	0	0	4	0
cell_990	2	0	0	5	0	3	2	0	15	0	0	0	4	0	0	0
cell_411	28	2	2	5	0	2	4	2	2	0	2	2	0	0	3	0
cell_1622	0	0	0	0	0	5	2	0	0	0	0	11	2	2	0	5
cell_143	2	2	0	5	4	0	0	0	0	0	5	0	0	0	0	0
cell_1749	0	0	0	0	0	5	2	0	2	0	2	2	2	2	0	0
cell_188	0	2	0	5	0	0	2	0	24	0	0	0	0	0	0	0
cell_1039	2	0	0	0	2	2	0	0	2	0	2	0	2	2	19	2
cell_1528	0	3	2	0	0	0	0	0	2	0	0	0	2	2	0	0
cell_595	0	5	0	5	0	0	0	0	3	0	0	0	0	0	0	0
cell_1442	0	0	0	4	0	0	0	2	2	2	0	3	2	2	0	0
cell_869	2	0	0	5	0	3	2	4	2	0	0	0	0	6	0	3
cell_34	0	2	0	5	2	21	22	2	0	0	0	0	2	2	0	0
cell_1905	2	0	57	0	0	0	0	0	0	0	0	0	2	2	0	2
cell_1548	2	0	0	0	0	0	2	0	2	0	2	0	2	2	0	0
cell_150	2	2	0	5	3	0	0	0	0	0	0	0	0	0	2	5
cell_1894	2	0	57	0	5	0	0	0	0	0	0	0	2	2	0	2
cell_929	0	0	0	5	0	2	2	0	15	0	0	2	0	14	0	0
cell_970	0	0	0	5	0	3	2	0	15	5	0	5	20	0	0	0
cell_899	2	0	0	5	2	2	2	2	15	0	0	0	3	0	0	0
cell_1137	0	0	0	0	0	0	0	0	0	5	0	0	2	2	0	2
cell_1235	2	2	3	2	0	0	5	0	0	0	0	0	2	2	0	0
cell_1477	0	0	0	0	5	0	2	0	2	2	0	0	2	2	0	0
cell_1245	2	2	3	0	0	0	5	3	0	0	0	0	2	2	0	0
cell_903	0	0	0	5	0	2	2	0	15	0	0	0	3	0	0	0
cell_1244	2	2	0	0	0	5	5	3	0	49	0	0	2	2	0	0
cell_160	2	2	0	5	3	0	0	0	0	0	0	0	0	0	2	0
cell_1700	3	0	0	12	0	0	2	0	0	0	0	2	2	2	2	59
cell_1934	2	0	0	14	0	0	0	0	3	2	0	0	2	2	2	0
cell_1658	0	0	2	5	4	0	2	0	0	0	2	0	2	2	2	3
cell_1455	0	0	0	4	2	0	0	2	2	3	0	3	2	2	0	0
cell_192	0	2	0	5	0	0	2	0	0	0	0	0	0	0	0	0
cell_785	2	0	0	5	0	0	2	8	0	0	2	0	0	6	2	0
cell_1095	0	2	0	0	0	0	0	0	0	0	0	0	2	2	0	2
cell_1038	0	0	0	0	2	0	0	0	2	0	0	0	2	2	19	2
cell_763	0	0	0	5	0	0	0	2	0	2	0	0	2	0	4	0
cell_643	0	0	0	5	0	0	8	0	2	0	0	0	0	2	0	0
cell_1157	0	0	12	3	3	0	0	0	3	0	0	0	2	2	0	21
cell_1948	2	0	5	0	0	3	2	4	0	0	0	2	2	2	6	0
cell_1993	2	0	0	0	0	0	3	0	0	0	0	0	2	2	0	0
cell_294	28	2	0	5	0	2	2	2	0	5	2	2	0	0	0	2
cell_931	0	0	0	5	0	0	2	0	15	0	0	2	0	14	0	0
cell_1097	0	2	0	0	0	0	0	0	0	0	5	0	2	2	0	2
cell_1360	10	0	2	0	0	0	0	0	2	2	3	2	2	2	0	19
cell_1173	3	0	12	0	3	0	0	0	0	0	0	0	2	2	5	21
cell_1637	0	6	0	2	0	0	2	0	0	2	2	0	2	2	0	0
cell_140	2	2	0	5	4	0	0	0	0	0	5	0	0	5	0	0
cell_1865	2	3	57	0	2	0	0	0	3	3	0	0	2	2	3	2
cell_1146	0	0	9	0	0	0	0	5	0	5	0	2	2	2	0	2
cell_1991	2	0	3	0	0	0	3	0	0	0	0	0	2	2	0	0
cell_1800	2	0	57	3	0	0	0	0	0	0	2	0	2	2	0	2
cell_1492	0	2	0	3	0	0	0	0	2	2	0	5	2	2	0	0
cell_1017	0	0	0	5	0	4	2	0	15	0	0	0	0	0	0	0
cell_1982	2	0	0	0	0	0	0	0	0	0	2	4	2	2	0	0
cell_713	0	0	0	5	5	0	0	0	0	0	0	0	0	0	4	0
cell_1626	0	0	0	0	0	0	2	0	0	2	0	11	2	2	0	5
cell_298	28	2	0	5	0	2	0	0	0	5	2	3	2	21	0	0
cell_1371	0	0	2	0	0	0	4	0	2	0	0	2	2	2	0	0
cell_46	0	2	0	5	2	21	0	0	2	8	0	0	2	2	0	0
cell_993	0	2	0	5	0	0	2	2	15	0	0	0	0	0	0	0
cell_908	2	0	2	5	0	13	2	0	15	0	5	0	3	0	0	0
cell_542	2	0	0	5	0	2	2	0	0	0	0	0	2	0	5	0
cell_433	28	2	0	5	0	2	0	0	2	0	0	0	0	0	0	0
cell_838	2	2	0	5	2	0	2	0	2	0	0	0	0	6	0	0
cell_897	0	0	0	5	0	2	2	0	15	0	0	0	3	0	0	0
cell_650	0	0	2	5	0	0	0	0	2	2	5	0	0	2	0	0
cell_795	2	0	0	5	0	0	2	8	2	0	2	0	0	6	2	0
cell_84	0	2	0	5	0	21	0	2	0	0	0	0	0	0	0	0
cell_950	0	0	0	5	0	0	2	0	15	0	0	2	0	0	0	0
cell_284	28	2	0	5	2	2	0	0	0	0	0	2	0	0	0	2
cell_775	2	0	0	5	0	5	2	8	2	0	0	0	0	6	0	0
cell_743	0	0	0	5	0	0	0	0	0	5	0	0	0	0	4	0
cell_1278	0	2	2	0	0	2	5	4	0	2	0	0	2	2	0	0
cell_837	2	2	0	5	2	0	2	0	2	0	0	0	0	6	0	0
cell_1386	0	0	2	3	0	0	5	2	2	0	2	2	2	2	0	0
cell_1207	3	0	12	0	0	0	0	0	0	0	0	0	2	2	0	0
cell_527	2	0	0	5	0	0	0	0	0	0	0	0	0	0	5	0
cell_593	0	5	0	5	0	0	0	0	0	0	0	0	0	0	0	0
cell_1064	0	3	12	0	3	8	0	0	0	0	0	0	2	2	19	2
cell_1018	0	0	0	5	0	4	2	0	15	0	0	0	0	0	0	0
cell_201	2	2	0	5	0	5	19	2	3	0	5	2	0	2	0	2
cell_310	28	2	0	5	0	2	0	8	0	0	0	0	0	0	0	0
cell_654	0	3	0	5	0	0	0	0	2	2	0	0	0	2	0	0
cell_1296	0	0	0	2	0	0	0	0	2	0	0	0	2	2	0	0
cell_638	0	0	8	5	0	2	2	0	0	5	0	0	0	0	0	2
cell_884	2	0	3	5	0	8	2	3	2	0	0	0	0	6	0	0
cell_53	4	2	0	5	2	21	0	0	5	2	2	0	2	0	0	0
cell_198	0	2	2	5	0	5	19	2	3	0	5	2	0	2	0	0
cell_1983	2	0	0	0	0	0	0	0	0	0	0	4	2	2	0	0
cell_932	0	0	0	5	0	0	2	0	15	0	0	2	0	14	0	0
cell_471	28	2	0	5	4	2	0	0	2	0	4	0	0	0	0	0
cell_2004	2	2	0	0	0	0	3	0	0	0	15	0	2	2	0	0
cell_125	0	2	0	5	0	21	0	2	0	5	0	0	0	0	0	0
cell_461	28	2	0	5	4	2	0	0	2	0	0	0	12	0	0	8
cell_814	2	9	0	5	0	0	2	0	2	2	0	0	0	6	2	5
cell_828	2	9	2	5	2	0	2	0	0	0	0	0	0	6	0	0
cell_1068	2	0	0	0	0	0	0	0	0	0	0	2	2	2	19	2
cell_431	28	2	0	5	0	2	0	0	2	0	29	0	0	0	0	0
cell_923	0	0	0	5	0	0	2	0	15	0	2	40	0	0	0	0
cell_594	0	5	0	5	0	0	0	0	0	0	0	0	0	0	0	0
cell_1342	0	0	0	0	0	0	0	3	2	0	0	0	2	2	0	0
cell_1527	0	3	2	0	0	0	0	0	2	0	0	0	2	2	0	0
cell_331	28	2	0	5	0	2	0	0	2	0	0	0	0	12	4	2
cell_1002	0	2	0	5	0	0	2	0	15	0	12	2	0	0	0	0
cell_487	28	2	2	5	0	2	0	0	2	0	0	0	0	0	2	0
cell_1116	0	2	0	0	0	0	0	0	0	0	0	0	2	2	0	2
cell_1469	0	2	2	0	0	0	0	2	2	0	0	0	2	2	0	0
cell_1645	0	6	0	0	0	0	2	0	0	0	2	0	2	2	2	5
cell_1813	2	0	57	0	2	0	0	0	0	2	2	0	2	2	0	2
cell_1330	0	0	0	0	0	0	0	0	2	3	0	2	2	2	0	2
cell_187	0	2	0	5	0	0	2	0	24	0	0	0	0	0	0	0
cell_1403	0	0	2	0	0	0	0	0	2	0	2	2	2	2	0	0
cell_1686	0	0	0	0	0	0	2	0	0	0	0	0	2	2	2	0
cell_336	28	2	0	5	2	2	0	2	2	0	0	0	0	12	4	2
cell_1977	2	0	0	2	0	0	0	0	0	0	0	4	2	2	0	2
cell_229	0	2	0	5	0	23	19	2	0	0	0	2	5	2	0	0
cell_1873	2	0	57	0	0	0	0	0	0	0	0	0	2	2	0	2
cell_581	0	0	2	5	0	3	0	0	0	0	0	0	0	0	0	2
cell_967	0	0	0	5	0	3	2	0	15	5	0	0	0	0	13	0
cell_862	2	0	0	5	2	0	2	0	2	0	0	0	3	6	2	0
cell_462	28	2	0	5	4	2	0	0	2	0	0	0	12	0	0	8
cell_216	0	2	0	5	0	0	19	2	0	4	5	2	0	2	0	0
cell_789	2	0	2	5	0	0	2	8	0	0	2	0	0	6	2	0
cell_1202	3	0	12	0	0	0	0	0	2	0	0	0	2	2	0	0
cell_214	0	2	0	5	0	0	19	2	0	4	5	2	0	2	0	0
cell_827	2	9	2	5	2	0	2	0	0	0	0	0	0	6	0	0
cell_2008	2	0	0	0	0	0	3	0	0	0	0	0	2	2	0	0
cell_519	2	0	0	5	0	0	5	0	0	0	0	0	0	0	5	0
cell_206	0	2	0	5	0	5	19	2	3	0	5	2	0	2	0	2
cell_1402	0	0	2	0	0	0	0	0	2	0	2	2	2	2	0	0
cell_717	0	0	0	5	0	0	4	0	2	0	0	0	0	0	4	0
cell_394	28	2	2	5	2	2	0	0	2	0	0	2	3	0	0	0
cell_317	28	2	0	5	24	2	0	21	0	0	0	0	2	0	0	0
cell_178	0	2	0	5	0	0	2	0	0	0	0	0	0	0	0	0
cell_387	28	2	2	5	2	2	0	0	2	0	0	0	0	0	0	0
cell_651	0	0	2	5	0	0	0	0	2	2	0	0	0	2	0	0
cell_1464	0	0	2	0	0	0	0	2	2	0	0	0	2	2	0	0
cell_1535	0	0	0	0	0	0	0	0	2	0	11	0	2	2	0	0
cell_1805	2	0	57	0	0	2	0	0	0	2	2	0	2	2	0	2
cell_819	2	9	2	5	2	3	2	0	0	2	0	0	0	6	0	0
cell_419	28	2	0	5	0	2	0	0	2	0	29	0	0	0	0	0
cell_1037	0	0	0	0	2	0	0	0	2	0	0	0	2	2	19	2
cell_404	28	2	2	5	0	2	0	2	2	0	0	0	0	0	0	0
cell_962	3	0	0	5	0	3	2	0	15	5	0	0	0	0	0	0
cell_1651	0	0	2	0	0	0	2	0	0	0	2	0	2	2	0	2
cell_1449	2	0	0	4	2	0	0	2	2	0	0	3	2	2	0	0
cell_1606	0	38	0	0	0	12	2	0	0	0	4	11	2	2	0	0
cell_1826	2	0	57	0	0	0	0	0	0	2	2	0	2	2	0	2
cell_1325	3	2	0	0	0	0	0	0	2	0	0	0	2	2	0	0
cell_514	2	0	0	5	0	0	5	0	0	0	0	0	0	2	5	0
cell_73	0	2	0	5	0	21	0	2	0	0	0	0	0	0	0	0
cell_1075	0	2	0	0	0	0	0	0	0	0	0	0	2	2	19	2
cell_598	0	5	0	5	0	0	0	0	0	0	0	3	0	0	0	0
cell_1029	0	0	0	0	2	0	0	0	2	0	0	0	2	2	19	2
cell_641	0	0	3	5	0	0	8	0	2	0	0	5	0	2	0	0
cell_1032	0	0	0	0	2	0	0	0	2	0	0	0	2	2	19	2
cell_149	2	2	0	5	3	0	0	0	0	0	0	0	0	0	2	5
cell_904	0	0	0	5	0	2	2	0	15	0	0	0	3	0	0	0
cell_2024	2	0	0	0	0	2	3	0	0	0	0	0	2	2	0	0
cell_218	0	2	0	5	0	0	19	2	0	0	5	2	0	2	0	0
cell_1074	0	0	0	5	0	0	0	0	2	0	0	0	2	2	19	2
cell_248	0	2	0	5	0	4	19	0	0	0	0	2	0	2	2	0
cell_2030	2	0	0	0	0	0	3	0	0	2	2	2	2	2	0	0
cell_1780	0	0	0	0	0	2	2	0	0	0	2	0	2	2	0	2
cell_1350	10	0	2	0	2	0	0	0	2	0	0	2	2	2	0	0
cell_1285	0	0	0	2	0	0	3	2	2	0	2	0	2	2	4	0
cell_289	28	2	0	5	0	2	2	0	0	5	2	0	0	0	2	0
cell_213	0	2	0	5	0	0	19	2	0	4	5	2	0	2	0	0
cell_1958	2	0	0	0	0	0	2	0	0	0	0	0	2	2	0	0
cell_339	28	2	0	5	0	2	0	0	2	0	0	0	0	12	0	0
cell_362	28	2	0	5	0	2	0	5	2	0	2	0	5	0	2	0
cell_888	2	0	0	5	0	8	2	3	2	0	0	0	0	6	0	0
cell_944	0	0	0	5	0	38	2	0	15	10	0	2	0	0	0	0
cell_579	0	0	0	5	0	3	0	0	0	0	0	0	0	0	0	2
cell_748	0	0	0	5	0	0	0	0	0	0	0	0	0	0	4	0
cell_2012	2	0	0	0	0	0	3	0	0	0	2	0	2	2	2	2
cell_1176	3	0	12	0	3	0	0	0	0	0	0	0	2	2	5	21
cell_662	0	0	0	5	0	0	2	4	2	0	0	0	0	2	0	0
cell_822	2	9	0	5	0	3	2	0	0	2	0	0	0	6	0	0
cell_1384	0	0	2	3	0	3	0	0	2	0	2	2	2	2	0	0
cell_499	28	2	2	5	0	2	0	0	2	0	0	8	0	0	0	0
cell_1843	2	0	57	0	0	0	0	0	0	2	2	0	2	2	0	2
cell_26	0	2	0	5	2	21	0	0	0	2	0	0	0	0	2	8
cell_234	2	2	0	5	0	0	19	0	0	0	0	2	0	2	0	0
cell_116	0	2	0	5	0	21	2	2	0	5	0	0	0	0	0	0
cell_1284	0	0	0	2	0	15	0	0	2	0	0	0	2	2	4	0
cell_1471	2	0	2	0	0	0	0	2	2	0	0	0	2	2	0	0
cell_1663	0	10	0	0	0	0	2	0	0	0	2	0	2	2	0	3
cell_1196	3	0	12	0	0	0	6	0	0	2	0	0	2	2	0	0
cell_1796	2	0	57	0	0	0	2	0	0	2	2	0	2	2	0	2
cell_1204	3	0	12	0	0	0	0	0	12	0	0	0	2	2	0	0
cell_996	0	2	0	5	0	0	2	2	15	0	0	0	0	0	0	0
cell_523	2	0	0	5	0	0	0	0	0	0	0	0	0	0	5	0
cell_1883	2	0	57	0	3	0	0	0	0	0	0	0	2	2	0	2
cell_854	2	0	2	5	0	0	2	0	2	0	0	0	0	6	0	0
cell_1719	0	0	0	0	0	0	2	0	3	2	0	2	2	2	2	0
cell_809	2	9	0	5	0	0	2	0	0	2	0	0	0	6	2	5
cell_304	28	2	0	5	2	2	0	0	0	5	2	3	2	0	0	0
cell_736	0	0	0	5	0	2	0	0	0	0	0	0	0	2	4	0
cell_1682	0	0	2	0	0	0	2	0	0	0	0	5	2	2	2	2
cell_1525	0	0	2	0	0	0	0	0	2	0	0	0	2	2	0	0
cell_585	0	40	0	5	0	3	0	0	0	2	0	7	0	0	0	2
cell_168	0	2	0	5	0	0	2	2	3	0	0	0	0	0	0	0
cell_1083	0	0	0	0	0	0	0	0	0	0	0	0	2	2	19	2
cell_1321	3	2	0	0	0	2	42	0	2	0	0	0	2	2	0	0
cell_2019	2	2	0	0	0	0	3	0	0	0	0	0	2	2	5	0
cell_1188	3	0	12	0	0	0	0	3	0	2	0	0	2	2	0	0
cell_1596	0	0	0	5	21	0	2	0	0	0	0	0	2	2	0	0
cell_1655	8	0	0	0	0	0	2	0	0	0	2	0	2	2	0	2
cell_1198	3	0	12	0	0	0	6	0	13	2	0	0	2	2	0	0
cell_1184	3	0	12	0	0	0	0	0	0	0	0	0	2	2	5	21
cell_36	0	2	0	5	2	21	22	2	0	0	0	0	2	2	0	8
cell_766	0	0	0	5	0	0	0	0	0	0	0	0	0	0	4	4
cell_559	0	0	0	5	0	0	0	0	0	0	0	2	0	0	5	2
cell_1193	3	2	12	0	0	0	6	0	0	2	0	0	2	2	0	0
cell_1718	0	0	0	0	0	0	2	0	3	0	0	2	2	2	2	0
cell_1823	2	0	57	0	0	0	0	0	0	0	2	2	2	2	0	2
cell_1253	0	2	2	0	0	2	5	0	0	2	0	0	2	2	0	3
cell_372	28	2	0	5	0	2	0	0	2	0	0	0	0	0	2	0
cell_573	2	0	0	5	0	0	0	0	0	5	0	0	0	0	5	0
cell_1358	10	0	2	0	0	0	0	0	2	2	3	2	2	2	0	19
cell_13	0	2	0	5	2	21	0	0	0	0	0	0	0	2	0	2
cell_969	0	0	0	5	0	3	2	0	15	5	0	5	20	0	0	0
cell_1586	0	0	11	0	0	0	2	2	0	0	0	0	2	2	2	0
cell_723	0	0	2	5	0	4	0	9	0	0	0	0	0	0	4	0
cell_1605	0	38	0	0	0	12	2	0	0	0	4	11	2	2	0	0
cell_75	0	2	0	5	0	21	0	2	0	0	0	0	0	0	0	0
cell_682	0	0	0	5	0	0	0	0	2	0	0	0	3	2	2	0
cell_1383	0	0	2	3	0	3	0	0	2	0	2	2	2	2	0	0
cell_732	0	0	0	5	0	0	0	0	0	0	0	0	0	0	4	0
cell_1458	3	2	2	0	0	0	0	2	2	0	0	0	2	2	0	0
cell_1848	2	0	57	0	0	2	0	0	0	2	2	0	2	2	0	2
cell_1874	2	0	57	0	0	0	0	0	0	0	0	0	2	2	0	2
cell_1082	0	0	0	0	0	0	0	0	0	0	2	0	2	2	19	2
cell_578	0	0	0	5	0	3	0	0	0	2	0	0	0	0	0	2
cell_934	0	0	2	5	0	0	2	0	15	0	0	2	0	0	0	0
cell_863	2	0	0	5	2	0	2	0	2	0	0	0	3	6	2	0
cell_915	0	0	0	5	5	3	2	0	15	0	0	0	0	0	0	0
cell_790	2	0	2	5	0	0	2	8	0	0	2	0	0	6	2	0
cell_799	2	0	0	5	0	0	2	8	2	0	2	0	0	6	2	0
cell_1901	2	0	57	0	0	2	0	0	0	0	12	0	2	2	0	2
cell_2011	2	0	0	0	0	0	3	0	0	0	2	0	2	2	2	2
cell_186	0	2	0	5	0	0	2	0	24	0	0	0	0	0	0	0
cell_1389	0	0	2	3	8	0	0	2	2	0	2	2	2	2	0	0
cell_1016	0	0	0	5	0	0	2	0	15	0	0	0	0	0	5	0
cell_1337	0	0	0	0	11	0	0	0	2	0	0	2	2	2	0	0
cell_556	0	0	0	5	0	0	0	0	0	0	0	2	0	0	5	2
cell_563	0	0	0	5	0	3	0	0	0	10	0	0	2	0	5	0
cell_33	0	2	0	5	2	21	22	2	0	0	0	0	2	2	0	0
cell_1578	0	0	0	0	0	0	2	0	2	0	0	0	2	2	0	0
cell_1229	0	2	0	0	0	0	5	2	0	5	0	0	2	2	0	0
cell_531	2	0	0	5	0	0	0	0	0	0	0	0	0	0	5	2
cell_56	4	2	0	5	2	21	0	0	5	2	2	2	2	0	0	13
cell_1368	0	2	2	0	0	0	0	0	2	0	0	2	2	2	0	0
cell_1290	0	0	0	2	0	0	0	0	2	0	0	0	2	2	0	0
cell_597	0	5	0	5	0	0	0	0	0	0	0	3	0	0	0	0
cell_1405	0	0	2	0	0	0	0	0	2	0	2	2	2	2	0	0
cell_1491	0	2	0	3	0	0	0	0	2	2	0	5	2	2	0	0
cell_1049	0	0	0	0	0	0	0	0	2	0	0	0	2	2	19	2
cell_52	4	2	0	5	2	21	0	0	5	2	2	0	2	0	0	0
cell_980	0	4	0	5	0	3	2	0	15	0	0	0	0	0	0	0
cell_764	0	0	0	5	0	0	0	2	0	2	0	0	2	0	4	0
cell_1892	2	0	57	0	0	12	0	0	0	0	0	0	2	2	0	2
cell_1463	0	0	2	0	0	0	0	2	2	0	0	0	2	2	0	0
cell_268	28	2	3	5	2	2	2	5	0	0	0	2	0	0	0	0
cell_169	0	2	0	5	0	0	2	0	3	0	0	0	21	0	0	0
cell_470	28	2	0	5	4	2	0	0	2	0	0	0	0	0	0	0
cell_164	0	2	0	5	2	0	2	2	0	3	0	0	0	0	0	0
cell_1964	2	0	0	18	0	0	2	0	0	0	0	2	2	2	0	5
cell_44	0	2	0	5	2	21	0	0	0	0	0	0	2	2	0	0
cell_1400	0	2	2	0	0	0	0	0	2	5	2	2	2	2	0	0
cell_1912	2	0	57	0	0	0	0	0	0	0	0	0	2	2	0	2
cell_728	0	5	2	5	0	0	0	0	0	0	0	0	0	0	4	0
cell_76	0	2	0	5	0	21	0	2	0	0	0	0	0	0	0	0
cell_1590	0	0	11	0	0	2	2	2	0	0	0	0	2	2	0	0
cell_1240	2	2	3	2	0	0	5	2	3	0	0	0	2	2	0	0
cell_41	0	2	0	5	2	21	0	0	0	0	0	4	2	2	0	0
cell_535	2	0	0	5	0	0	0	2	0	0	0	11	0	0	5	2
cell_1160	0	0	12	0	3	0	0	0	3	0	0	0	2	2	0	21
cell_1443	4	0	0	4	0	0	0	2	2	2	0	3	2	2	0	0
cell_1021	0	0	0	5	0	0	2	0	15	0	2	0	0	0	0	2
cell_1739	0	0	0	0	0	0	2	2	0	0	2	2	2	2	0	0
cell_438	28	2	0	5	0	2	0	0	2	0	0	0	108	0	0	0
cell_920	2	0	0	5	0	3	2	0	15	0	0	0	0	0	0	0
cell_403	28	2	2	5	0	2	0	2	2	0	0	0	0	0	0	0
cell_695	7	4	0	5	0	12	0	0	2	0	0	3	0	2	0	0
cell_684	0	0	0	5	0	0	0	0	2	0	0	0	0	2	2	0
cell_618	2	0	0	5	0	2	2	0	4	0	0	0	2	0	0	0
cell_1300	2	0	2	2	2	0	0	8	2	0	0	0	2	2	0	0
cell_117	0	2	0	5	0	21	0	2	0	0	0	0	0	6	2	0
cell_805	2	9	0	5	0	0	2	0	0	2	0	0	0	6	2	5
cell_215	0	2	0	5	0	0	19	2	0	4	5	2	0	2	0	0
cell_1774	0	5	0	0	0	0	2	5	2	0	2	0	2	2	0	0
cell_1328	3	2	0	0	0	0	0	0	2	0	2	0	2	2	0	0
cell_1773	0	5	0	0	0	0	2	5	2	0	2	0	2	2	0	0
cell_815	2	9	0	5	0	0	2	0	0	2	0	0	0	6	2	5
cell_1102	2	2	0	0	0	0	5	0	0	0	5	0	2	2	0	2
cell_1933	2	0	0	14	0	0	0	0	3	2	0	0	2	2	2	0
cell_818	2	9	2	5	0	3	2	0	0	2	0	0	0	6	0	0
cell_1166	19	0	12	0	0	0	0	0	0	0	0	2	2	2	0	21
cell_596	0	5	0	5	0	0	0	0	3	0	0	0	0	0	0	0
cell_1067	2	0	0	0	0	0	0	0	0	0	0	2	2	2	19	2
cell_212	0	2	0	5	0	0	19	2	0	4	5	2	0	2	0	0
cell_855	2	0	0	5	0	0	2	0	2	0	0	0	0	6	0	0
cell_1123	2	5	0	0	10	0	0	0	2	5	0	0	2	2	0	2
cell_2028	2	0	0	0	4	0	3	4	0	0	2	2	2	2	0	0
cell_845	2	0	0	5	2	0	2	0	2	0	0	0	0	6	0	0
cell_1294	0	0	0	2	2	0	0	0	2	0	0	0	2	2	0	0
cell_940	0	0	0	5	0	0	2	0	15	0	0	2	0	0	0	0
cell_490	28	2	2	5	0	2	0	0	2	0	0	0	0	0	0	0
cell_880	2	0	0	5	0	0	2	0	2	0	0	0	2	6	0	0
cell_852	2	0	0	5	0	0	2	0	2	0	2	0	0	6	2	2
cell_439	28	2	0	5	0	2	0	0	2	0	0	0	108	0	0	0
cell_1511	0	0	0	0	0	0	0	0	2	0	0	10	2	2	0	0
cell_40	0	2	2	5	2	21	0	2	0	0	0	0	2	2	0	0
cell_1414	0	0	0	0	0	0	0	2	2	0	3	0	2	2	2	0
cell_568	0	0	0	5	0	3	0	0	0	10	0	0	0	0	5	0
cell_2047	2	0	0	5	0	0	3	0	2	0	0	3	2	2	0	0
cell_1791	0	0	0	0	2	0	2	5	0	0	2	0	2	2	0	2
cell_705	0	0	0	5	0	0	0	0	0	0	0	0	0	0	4	0
cell_175	0	2	0	5	0	0	2	0	3	0	0	0	21	0	5	3
cell_1299	2	0	2	2	2	0	0	8	2	0	0	0	2	2	0	0
cell_1295	0	0	0	2	0	0	0	0	2	0	0	0	2	2	0	0
cell_1620	0	0	0	0	0	0	2	0	0	0	0	11	2	2	0	5
cell_1412	0	0	0	0	0	0	0	2	2	0	0	0	2	2	2	0
cell_1766	0	0	0	5	0	0	2	5	2	0	2	2	2	2	5	0
cell_1053	0	0	0	0	0	0	0	0	2	0	0	0	2	2	19	2
cell_1312	0	0	0	2	2	26	0	8	2	0	0	0	2	2	0	0
cell_1740	0	0	0	0	0	0	2	2	0	0	2	2	2	2	0	0
cell_1711	0	0	0	12	0	0	2	0	0	0	0	2	2	2	2	0
cell_1303	0	0	2	2	0	0	0	8	2	2	0	0	2	2	0	0
cell_1546	2	0	0	0	0	0	2	0	0	0	0	0	2	2	0	0
cell_1772	0	0	0	0	0	0	2	5	2	0	2	0	2	2	0	0
cell_1553	2	2	0	0	5	0	2	0	0	0	0	0	2	2	0	0
cell_711	0	0	0	5	0	0	5	0	0	0	0	0	2	0	4	3
cell_472	28	2	0	5	4	2	0	0	2	0	4	0	0	0	0	0
cell_1887	2	0	57	0	0	0	0	0	0	0	0	0	2	2	0	2
cell_35	0	2	0	5	2	21	22	2	0	0	0	0	2	2	0	8
cell_367	28	2	0	5	0	2	0	0	2	0	2	0	2	0	2	0
cell_1583	2	2	0	0	0	0	2	0	0	0	0	0	2	2	0	0
cell_486	28	2	2	5	0	2	0	0	2	0	2	0	0	0	0	0
cell_45	0	2	0	5	2	21	0	0	2	8	0	0	2	2	0	0
cell_1268	0	2	2	2	0	8	5	4	0	0	0	0	2	2	0	0
cell_147	2	2	0	5	3	0	0	0	0	0	0	0	0	0	0	0
cell_79	0	2	0	5	0	21	0	2	0	0	0	0	0	0	0	0
cell_1660	0	0	0	0	0	0	2	0	0	0	2	0	2	2	0	3
cell_1994	2	0	0	0	0	0	3	0	0	0	0	0	2	2	0	0
cell_738	3	0	0	5	0	0	0	0	0	53	0	0	0	0	4	0
cell_1795	2	0	57	0	0	0	2	0	0	2	2	0	2	2	0	2
cell_952	0	0	0	5	4	0	2	0	15	0	0	2	0	0	0	0
cell_1921	2	0	0	0	0	0	0	2	0	2	9	0	2	2	0	5
cell_821	2	9	0	5	0	3	2	0	0	2	0	0	0	6	0	0
cell_964	0	0	0	5	0	3	2	0	15	5	0	0	0	0	5	0
cell_1425	3	0	0	0	0	0	0	2	2	0	0	0	2	2	0	0
cell_1763	0	0	0	0	0	0	2	5	2	0	2	2	2	2	0	0
cell_667	0	0	0	5	0	0	0	2	2	0	2	0	0	2	0	0
cell_236	2	2	0	5	0	0	19	0	0	0	0	2	0	2	0	0
cell_209	0	2	0	5	0	0	19	2	0	4	5	2	0	2	0	0
cell_130	2	2	0	5	4	0	0	0	0	0	5	0	0	0	0	0
cell_956	2	2	0	5	0	2	2	0	15	0	0	2	0	0	0	0
cell_797	2	0	0	5	0	0	2	8	2	0	2	0	3	6	2	0
cell_285	28	2	0	5	2	2	0	0	0	0	10	0	0	0	0	2
cell_1399	0	2	2	0	0	0	0	0	2	5	2	2	2	2	0	0
cell_1619	0	0	0	0	0	0	2	0	0	0	0	11	2	2	0	5
cell_94	0	2	0	5	7	21	0	2	2	0	0	9	0	2	0	0
cell_1569	0	0	0	0	2	0	2	0	0	0	0	0	2	2	0	0
cell_804	2	9	0	5	0	0	2	0	0	2	0	0	0	6	2	5
cell_1972	2	21	0	0	5	5	0	0	0	0	0	4	2	2	0	0
cell_174	0	2	0	5	0	0	2	0	3	0	0	0	21	0	5	3
cell_1654	8	0	0	0	0	0	2	0	3	0	2	0	2	2	0	2
cell_1233	2	2	3	2	0	0	5	0	0	0	0	0	2	2	0	0
cell_1089	0	2	2	0	3	0	0	0	0	0	0	0	2	2	0	2
cell_51	4	2	0	5	2	21	0	0	5	2	2	0	2	0	0	0
cell_670	0	2	0	5	0	0	0	0	2	0	0	0	0	2	0	2
cell_762	0	0	0	5	0	0	0	2	19	2	0	0	2	0	4	0
cell_434	28	2	0	5	0	2	0	0	2	0	0	0	0	0	0	0
cell_265	28	2	3	5	2	2	2	0	0	0	0	2	0	0	0	0
cell_1754	0	0	0	0	13	5	2	0	2	0	2	2	2	2	0	0
cell_191	0	2	0	5	0	0	2	0	0	0	0	0	0	0	0	0
cell_755	2	0	0	5	0	0	0	0	0	0	0	0	0	0	4	0
cell_2021	2	3	0	0	0	0	3	0	0	0	0	0	2	2	0	0
cell_386	28	2	2	5	2	2	11	0	2	0	0	0	0	0	0	0
cell_1992	2	0	3	0	0	0	3	0	0	0	0	0	2	2	0	0
cell_722	0	0	2	5	0	0	0	0	0	0	0	0	0	0	4	0
cell_1599	0	2	5	5	21	0	2	0	0	0	2	0	2	2	0	0
cell_1944	2	0	0	0	0	3	0	0	0	0	0	0	2	2	6	0
cell_1060	0	3	0	0	3	0	0	0	0	0	0	0	2	2	19	2
cell_2038	2	0	0	0	0	0	3	0	6	0	0	0	2	2	0	0
cell_1441	0	0	0	4	0	0	0	2	2	2	0	3	2	2	0	0
cell_1816	2	0	57	0	0	0	0	0	0	2	2	0	2	2	0	2
cell_793	2	0	0	5	0	0	2	8	2	0	2	0	0	6	2	0
cell_570	2	0	0	5	0	4	0	0	0	0	0	0	0	0	5	0
cell_1571	0	0	0	0	2	0	2	0	0	0	0	0	2	2	0	0
cell_366	28	2	0	5	0	2	0	0	2	0	2	0	0	0	2	0
cell_1613	2	0	0	0	0	0	2	0	0	0	4	11	2	2	0	0
cell_1034	0	0	0	0	2	0	0	0	2	0	0	0	2	2	19	2
cell_1978	2	0	0	2	0	0	0	0	0	0	0	4	2	2	0	2
cell_1913	2	0	57	0	0	0	0	0	0	0	0	0	2	2	0	2
cell_1609	6	0	8	0	0	0	2	0	0	0	4	11	2	2	0	0
cell_451	28	2	0	5	4	2	2	0	2	0	0	0	0	0	0	2
cell_644	0	0	0	5	0	0	8	0	2	0	0	0	0	2	0	0
cell_1807	2	0	57	22	0	2	0	0	0	2	2	0	2	2	0	2
cell_1733	0	0	0	0	4	0	2	0	0	2	2	2	2	2	2	0
cell_1309	0	0	0	2	0	0	0	8	2	0	7	0	2	2	0	0
cell_1392	0	0	2	3	0	0	0	2	2	0	2	2	2	2	0	0
cell_380	28	2	2	5	0	2	0	3	2	3	0	0	2	0	2	0
cell_624	2	0	0	5	0	2	2	0	0	0	0	3	2	2	0	0
cell_223	0	2	4	5	0	0	19	2	0	0	5	2	0	2	0	0
cell_1040	2	0	0	0	2	2	0	0	2	0	2	0	2	2	19	2
cell_776	2	0	0	5	0	5	2	8	2	0	0	0	0	6	0	0
cell_554	0	5	0	5	0	0	0	0	0	0	0	2	0	0	5	2
cell_786	2	0	0	5	0	0	2	8	0	0	2	0	0	6	2	0
cell_742	0	0	0	5	0	0	0	0	0	5	0	2	0	0	4	0
cell_1513	0	0	0	0	0	0	0	0	2	0	0	0	2	2	0	0
cell_308	28	2	0	5	0	2	0	0	0	0	0	0	0	0	0	0
cell_539	2	2	0	5	0	2	2	0	0	0	0	0	0	0	5	0
cell_628	0	0	0	5	0	2	2	0	0	0	0	0	0	0	0	0
cell_1542	2	0	0	0	0	0	2	0	0	0	0	2	2	2	0	0
cell_457	28	2	0	5	4	2	0	0	2	0	0	0	12	0	0	0
cell_1735	0	9	0	0	0	0	2	0	0	2	2	2	2	2	2	0
cell_1674	0	0	0	0	0	0	2	2	0	26	0	0	2	2	0	0
cell_868	2	2	0	5	0	3	2	4	2	0	0	0	0	6	0	3
cell_1223	0	2	0	0	0	4	5	0	3	5	5	0	2	2	2	0
cell_1501	0	2	0	0	0	0	0	0	2	2	0	0	2	2	0	0
cell_893	2	0	0	5	0	0	2	3	2	0	0	0	0	6	0	0
cell_452	28	2	0	5	4	2	2	0	2	0	0	0	0	0	0	2
cell_1756	2	0	0	0	13	5	2	0	2	0	2	2	2	2	0	0
cell_971	0	0	0	5	0	3	2	0	15	5	0	0	20	5	0	0
cell_1881	2	0	57	0	3	0	0	0	0	0	0	0	2	2	0	2
cell_1354	10	0	2	0	0	0	0	0	2	2	3	2	2	2	0	19
cell_1001	0	2	0	5	0	0	2	0	15	0	12	2	0	0	0	0
cell_1133	0	0	0	0	10	0	2	2	0	5	0	0	2	2	0	2
cell_1503	0	2	0	0	2	0	0	0	2	2	0	0	2	2	0	0
cell_735	0	0	0	5	0	2	0	0	0	0	0	0	0	2	4	0
cell_1024	0	0	0	5	0	0	2	0	15	0	0	0	0	0	0	0
cell_357	28	2	0	5	0	2	0	0	2	0	0	0	0	0	2	0
cell_183	0	2	5	5	0	0	2	0	4	0	0	0	2	0	0	0
cell_384	28	2	0	5	0	2	0	0	2	0	0	2	0	0	2	0
cell_1349	10	0	2	0	2	0	0	0	2	0	0	2	2	2	0	0
cell_1432	0	0	0	0	0	0	0	2	2	0	0	0	2	2	0	0
cell_1438	0	0	0	0	9	2	14	2	2	0	2	0	2	2	3	0
cell_1269	0	2	2	0	0	0	5	4	0	0	0	0	2	2	0	0
cell_1769	0	0	0	0	0	0	2	5	2	0	2	0	2	2	0	0
cell_918	0	0	0	5	0	3	2	0	15	0	0	0	0	0	0	0
cell_1915	2	0	57	0	0	0	0	0	0	0	0	0	2	2	2	2
cell_1257	2	2	2	0	0	0	5	0	0	0	0	0	2	2	0	5
cell_894	2	0	0	5	0	0	2	3	2	0	0	0	0	6	0	0
cell_676	0	0	0	5	0	4	0	0	2	0	0	0	0	2	2	0
cell_123	0	2	0	5	0	21	0	2	0	0	0	0	0	0	0	0
cell_80	0	2	0	5	0	21	0	2	0	0	0	0	0	0	0	0
cell_63	4	2	0	5	2	21	2	0	0	0	0	0	2	0	0	0
cell_152	2	2	0	5	3	0	2	0	0	0	0	0	0	0	0	0
cell_1061	0	3	12	0	3	8	0	0	0	0	0	0	2	2	19	2
cell_522	2	0	0	5	0	0	19	2	0	0	0	0	0	0	5	0
cell_876	2	0	0	5	2	0	2	0	2	0	0	0	0	6	0	0
cell_1962	2	0	0	0	0	0	0	0	0	0	5	2	2	2	0	5
cell_551	0	0	0	5	0	0	0	0	0	0	0	2	0	0	5	2
cell_1187	3	0	12	0	0	0	0	3	0	2	0	0	2	2	0	0
cell_1076	0	2	0	0	0	0	0	0	0	0	0	0	2	2	19	2
cell_1287	0	0	0	2	0	0	3	0	2	0	2	0	2	2	4	0
cell_1333	0	0	0	0	0	0	0	0	2	0	0	2	2	2	5	0
cell_1020	0	0	0	5	0	4	2	0	15	0	0	0	0	0	0	0
cell_1404	0	0	2	0	0	0	0	0	2	0	2	2	2	2	0	0
cell_1741	2	0	0	3	0	0	2	0	0	0	2	2	2	2	0	0
cell_1669	0	9	0	0	0	0	2	2	0	0	0	0	2	2	0	5
cell_449	28	2	0	5	4	2	2	0	2	0	0	0	0	0	0	2
cell_1408	0	0	2	0	0	0	2	0	2	0	2	2	2	2	0	0
cell_364	28	2	0	5	0	2	0	0	2	0	2	0	5	0	2	0
cell_1664	0	10	0	0	0	0	2	0	0	0	2	0	2	2	0	3
cell_604	0	5	0	5	0	0	0	3	0	0	0	0	0	0	0	0
cell_1568	2	0	0	0	0	0	2	0	20	0	0	0	2	2	0	0
cell_408	28	2	2	5	0	2	0	0	2	0	0	0	0	0	0	2
cell_702	0	0	0	5	0	12	0	0	2	5	0	0	0	2	0	0
cell_1628	0	0	0	0	0	0	2	0	0	2	0	11	2	2	0	5
cell_704	0	0	0	5	0	12	0	0	2	5	0	0	0	2	0	0
cell_1923	2	0	0	0	0	0	0	2	0	2	9	0	2	2	0	5
cell_1685	0	0	0	0	0	0	2	0	0	0	0	0	2	2	2	0
cell_1170	3	0	12	0	3	0	0	0	2	0	0	0	2	2	5	21
cell_311	28	2	0	5	0	2	3	0	0	0	15	0	0	0	0	0
cell_1936	2	0	0	14	0	0	0	0	2	2	0	0	2	2	2	0
cell_605	0	5	0	5	0	6	0	3	0	0	0	0	0	0	0	0
cell_620	2	2	0	5	0	2	2	0	4	0	0	0	2	0	0	0
cell_781	2	0	0	5	0	0	2	8	2	0	0	12	0	6	0	0
cell_941	0	0	0	5	0	38	2	0	15	10	0	2	0	0	0	0
cell_1276	0	2	2	0	0	2	5	4	0	2	0	0	2	2	0	0
cell_1424	0	0	0	0	0	0	0	2	2	0	2	0	2	2	2	0
cell_565	0	0	0	5	0	3	0	0	0	10	0	0	0	0	5	0
cell_1261	2	2	2	0	0	0	5	0	0	0	0	0	2	2	0	0
cell_176	0	2	0	5	0	0	2	0	3	0	0	0	21	0	5	3
cell_849	2	0	0	5	0	0	2	0	2	0	0	0	0	6	2	0
cell_146	2	2	0	5	3	0	0	0	0	0	0	0	0	0	0	0
cell_1902	2	0	57	0	0	2	0	0	0	0	12	0	2	2	0	2
cell_89	0	2	5	5	0	21	0	2	2	0	0	2	0	0	0	0
cell_286	28	2	0	5	2	2	0	0	0	0	10	0	0	0	0	2
cell_1370	5	0	2	0	3	0	4	2	2	0	0	2	2	2	0	0
cell_1472	2	0	2	0	0	0	0	2	2	0	0	0	2	2	0	0
cell_145	2	2	0	5	3	0	0	0	0	0	0	0	0	0	0	0
cell_1352	10	0	2	0	0	0	0	0	2	0	0	2	2	2	0	0
cell_1012	0	0	0	5	0	0	2	0	15	0	0	0	0	0	0	0
cell_88	0	2	0	5	2	21	0	2	0	0	0	0	0	0	2	2
cell_1220	0	2	0	0	0	0	5	0	0	5	0	0	2	2	0	0
cell_1581	0	2	0	0	5	0	2	0	0	0	0	2	2	2	0	0
cell_739	3	0	0	5	0	0	0	0	0	2	0	0	0	0	4	2
cell_2044	2	0	0	0	0	2	3	0	2	0	0	0	2	2	2	0
cell_806	2	9	0	5	0	0	2	0	0	2	0	0	0	6	2	5
cell_1394	0	0	2	0	0	0	0	0	2	0	2	2	2	2	0	0
cell_1451	2	0	0	4	2	0	0	2	2	0	0	3	2	2	0	0
cell_991	2	0	0	5	0	3	2	2	15	0	0	0	4	0	0	2
cell_422	28	2	2	5	0	2	0	0	2	0	29	0	0	0	0	0
cell_202	2	2	0	5	0	5	19	2	3	0	5	2	0	2	0	2
cell_916	0	0	0	5	5	3	2	0	15	0	0	0	0	0	0	0
cell_1014	0	0	0	5	0	0	2	0	15	0	0	0	0	0	5	0
cell_208	2	2	0	5	0	5	19	2	3	0	5	2	0	2	0	2
cell_1515	0	0	0	0	0	0	0	0	2	0	0	0	2	2	2	0
cell_1416	0	0	0	0	0	0	0	2	2	0	3	0	2	2	2	0
cell_985	0	0	0	5	0	3	2	2	15	0	0	0	4	0	0	0
cell_1182	3	0	12	0	0	0	0	0	0	0	0	0	2	2	5	21
cell_1842	2	0	57	0	2	8	0	0	0	2	2	5	2	2	0	2
cell_330	28	2	0	5	0	2	0	3	2	0	0	0	0	12	4	2
cell_1326	3	2	0	0	0	0	0	0	2	0	0	0	2	2	0	0
cell_1314	2	0	0	2	0	2	0	0	2	0	0	0	2	2	0	0
cell_1409	0	0	0	0	0	2	0	2	2	0	0	0	2	2	2	0
cell_478	28	2	0	5	4	2	0	0	2	0	0	2	0	0	5	0
cell_1855	2	0	57	2	0	2	0	0	0	2	2	0	2	2	0	2
cell_1717	0	0	0	0	0	0	2	0	3	0	0	2	2	2	2	0
cell_107	0	2	2	5	0	21	0	2	0	0	0	2	0	0	2	0
cell_1704	0	0	2	12	0	0	2	0	0	0	0	2	2	2	2	0
cell_1509	0	0	0	0	0	0	0	0	2	2	0	10	2	2	0	0
cell_1351	10	0	2	0	0	0	0	0	2	0	0	2	2	2	0	0
cell_607	0	5	0	5	0	6	0	3	0	0	5	12	0	0	0	0
cell_1346	10	0	2	0	0	0	0	0	2	0	0	2	2	2	0	0
cell_1524	0	0	0	0	0	2	0	0	2	0	0	0	2	2	0	0
cell_1141	0	0	0	0	0	0	0	0	0	5	0	2	2	2	0	2
cell_1853	2	0	57	2	0	2	0	0	0	2	2	0	2	2	0	2
cell_757	0	0	0	5	0	0	0	0	0	0	0	0	0	0	4	0
cell_1159	0	0	12	0	3	0	0	0	3	0	0	0	2	2	0	21
cell_1430	15	0	0	0	0	0	0	2	2	0	0	0	2	2	0	0
cell_547	0	0	0	5	0	0	0	0	2	0	0	2	0	0	5	2
cell_1667	0	0	0	0	11	2	2	2	0	0	2	0	2	2	0	5
cell_575	0	0	0	5	0	0	0	0	0	5	0	0	0	0	5	0
cell_1214	3	0	12	0	14	0	0	0	0	0	0	0	2	2	0	0
cell_57	4	2	0	5	2	21	0	0	0	2	0	0	2	0	0	0
cell_1852	2	0	57	2	0	0	0	0	0	2	2	0	2	2	0	2
cell_158	2	2	0	5	3	0	0	0	0	0	0	0	5	0	0	0
cell_92	0	2	5	5	0	21	0	2	2	0	0	2	0	0	0	0
cell_1676	0	0	0	0	0	0	2	2	0	26	0	0	2	2	0	0
cell_280	28	2	42	5	2	2	0	0	0	0	0	0	0	0	0	2
cell_374	28	2	0	5	4	2	2	0	2	0	4	0	0	0	2	0
cell_1614	2	0	0	0	0	0	2	0	0	0	4	11	2	2	0	0
cell_833	2	0	0	5	2	0	2	2	2	2	0	0	0	6	5	0
cell_1589	0	0	11	0	0	2	2	2	0	0	0	0	2	2	0	0
cell_412	28	2	2	5	0	2	4	2	2	0	2	2	0	0	3	0
cell_1139	0	0	0	0	0	0	0	0	0	5	0	0	2	2	0	2
cell_693	0	0	0	5	0	12	0	0	2	0	0	3	0	2	0	0
cell_97	0	2	0	5	7	21	0	2	0	0	0	0	2	0	2	0
cell_227	0	2	0	5	0	0	19	0	0	6	0	2	5	2	0	0
cell_1544	2	0	0	0	0	0	2	0	0	0	0	2	2	2	0	0
cell_1234	2	2	3	2	0	0	5	0	0	0	0	0	2	2	0	0
cell_25	0	2	0	5	2	21	0	0	0	2	0	0	0	0	2	8
cell_1696	0	0	0	0	0	2	2	0	2	0	0	0	2	2	2	0
cell_1710	0	0	0	12	0	0	2	0	0	0	2	2	2	2	2	0
cell_697	0	0	0	5	0	12	0	0	2	5	0	0	2	2	3	0
cell_348	28	2	0	5	0	2	0	2	2	3	0	0	2	12	0	0
cell_1120	2	2	0	0	0	0	0	0	0	0	0	12	2	2	0	2
cell_1231	0	2	0	0	0	34	5	2	0	5	0	0	2	2	0	0
cell_6	0	2	2	5	2	21	2	0	0	0	0	0	0	2	0	0
cell_448	28	2	0	5	0	2	0	0	2	0	5	0	0	0	5	0
cell_195	0	2	0	5	0	5	19	2	3	0	5	2	0	2	0	0
cell_2033	2	5	0	0	2	0	3	0	6	0	0	0	2	2	0	0
cell_1878	2	0	57	0	0	0	0	0	0	0	0	0	2	2	0	2
cell_1981	2	0	0	0	0	0	0	0	0	0	2	4	2	2	0	0
cell_759	0	0	0	5	0	0	0	0	0	0	0	0	0	0	4	0
cell_1560	2	0	0	0	5	0	2	0	0	0	0	0	2	2	0	0
cell_1815	2	0	57	0	0	0	0	0	0	2	2	0	2	2	0	2
cell_1444	4	0	0	4	0	0	0	2	2	2	0	3	2	2	0	0
cell_966	0	0	0	5	0	3	2	0	15	5	0	0	0	6	0	0
cell_1291	0	0	0	2	0	0	0	0	2	0	14	0	2	2	0	0
cell_588	0	40	0	5	0	3	0	0	0	2	0	7	0	0	0	2
cell_1830	2	0	57	0	0	0	0	0	0	2	2	0	2	2	0	2
cell_1331	0	0	0	0	0	0	0	0	2	0	0	2	2	2	0	0
cell_1147	4	0	0	0	3	0	0	5	0	5	0	0	2	2	0	2
cell_393	28	2	2	5	2	2	0	0	2	0	0	2	3	0	0	0
cell_277	28	2	42	5	2	2	0	0	0	0	0	0	3	0	0	2
cell_938	0	0	0	5	22	0	2	0	15	0	0	2	0	0	0	5
cell_1033	0	0	0	0	2	0	0	0	2	0	0	0	2	2	19	2
cell_657	0	0	0	5	0	0	2	4	2	0	0	0	0	2	0	0
cell_142	2	2	0	5	4	0	0	0	4	3	5	0	0	0	0	0
cell_1345	10	0	2	0	0	0	0	0	2	0	0	2	2	2	0	0
cell_1340	0	0	2	0	11	0	0	0	2	0	0	0	2	2	0	0
cell_1634	0	6	0	3	0	0	2	0	0	0	2	0	2	2	2	0
cell_7	5	2	2	5	2	21	2	0	0	0	0	0	0	2	0	0
cell_1003	2	0	0	5	0	0	2	0	15	0	12	0	0	3	0	0
cell_1627	0	0	0	0	0	0	2	0	0	2	0	11	2	2	0	5
cell_517	2	0	0	5	0	0	5	0	0	0	0	0	0	0	5	0
cell_675	0	0	0	5	0	4	0	0	2	0	0	0	0	2	2	0
cell_1941	2	0	0	0	0	3	0	0	0	0	0	0	2	2	6	0
cell_444	28	2	0	5	0	2	0	0	2	0	0	2	0	0	5	0
cell_1689	0	0	0	0	0	0	2	0	0	0	0	0	2	2	2	2
cell_1799	2	0	57	3	0	0	0	0	0	0	2	0	2	2	0	2
cell_409	28	2	2	5	0	2	4	2	2	0	2	2	5	0	0	0
cell_153	2	2	0	5	3	0	0	0	2	0	0	0	0	0	0	0
cell_2032	2	0	0	0	0	0	3	0	0	2	2	2	2	2	0	0
cell_516	2	0	0	5	0	0	5	0	0	0	0	0	0	0	5	0
cell_173	0	2	0	5	0	0	2	0	3	0	0	0	21	0	5	3
cell_430	28	2	0	5	0	2	0	0	2	0	29	0	0	0	0	0
cell_1461	0	0	2	0	0	0	0	2	2	0	0	0	2	2	0	0
cell_817	2	9	2	5	0	3	2	0	0	2	0	0	0	6	0	0
cell_193	0	2	0	5	0	5	19	2	3	0	5	2	0	2	0	0
cell_1111	0	2	0	0	0	0	0	0	0	0	0	0	2	2	0	2
cell_410	28	2	2	5	0	2	4	2	2	0	2	2	5	0	0	0
cell_127	0	2	0	5	2	21	5	2	0	5	0	0	0	0	0	0
cell_1315	2	0	0	2	0	2	0	0	2	0	0	0	2	2	0	0
cell_1834	2	0	57	0	0	0	0	0	0	2	2	0	2	2	0	2
cell_346	28	2	0	5	0	2	0	2	2	3	0	0	0	12	0	0
cell_892	2	34	0	5	0	0	2	3	2	0	0	0	0	6	0	0
cell_322	28	2	0	5	0	2	3	0	2	0	0	0	0	12	0	2
cell_1478	0	0	0	0	5	0	2	0	2	2	0	0	2	2	0	0
cell_936	0	0	2	5	0	0	2	0	15	0	0	2	0	0	0	0
cell_1903	2	0	57	0	0	2	0	0	0	0	12	0	2	2	0	2
cell_512	28	2	2	5	0	2	0	0	2	11	2	0	3	0	0	0
cell_1255	0	2	2	0	0	2	5	0	0	0	0	0	2	2	0	0
cell_1929	2	0	0	14	2	0	0	0	0	2	0	0	2	2	0	0
cell_161	0	2	0	5	2	0	2	2	0	0	0	0	2	0	0	0
cell_1714	0	0	0	0	0	0	2	0	3	52	3	2	2	2	2	0
cell_355	28	2	0	5	0	2	0	0	2	0	0	0	0	0	2	0
cell_674	0	0	0	5	0	4	0	0	2	0	0	0	2	2	2	0
cell_689	0	0	0	5	0	12	0	0	2	0	0	0	0	2	0	0
cell_1059	0	3	0	0	3	0	0	0	0	0	0	0	2	2	19	2
cell_1552	2	0	0	0	0	0	2	0	0	0	0	2	2	2	0	0
cell_1119	2	2	0	0	0	0	0	0	0	0	0	12	2	2	0	2
cell_1720	0	0	0	0	0	0	2	0	3	2	0	2	2	2	2	0
cell_874	2	0	0	5	2	0	2	0	2	0	2	0	0	6	0	0
cell_1448	0	0	0	4	0	0	0	2	2	2	0	3	2	2	2	0
cell_1224	0	2	0	0	0	4	5	0	3	5	5	0	2	2	2	0
cell_134	2	2	0	5	4	0	0	0	0	0	5	0	0	0	0	0
cell_1058	2	3	0	0	3	0	0	0	0	0	2	0	2	2	19	2
cell_1165	19	0	12	0	0	0	0	0	0	0	0	2	2	2	0	21
cell_701	0	0	0	5	0	12	0	0	2	5	0	0	0	2	0	0
cell_1835	2	0	57	0	0	0	0	0	0	2	2	0	2	2	0	2
cell_1156	0	0	12	2	3	0	0	0	0	0	0	8	2	2	0	21
cell_1890	2	0	57	0	0	0	0	0	0	0	0	0	2	2	0	2
cell_1072	0	0	0	0	0	2	0	2	0	0	0	2	2	2	19	2
cell_1126	0	5	0	0	10	0	0	0	2	5	0	0	2	2	0	2
cell_269	28	2	3	5	2	2	2	0	0	0	0	2	0	0	0	0
cell_1702	0	0	0	12	0	0	2	0	0	0	0	2	2	2	2	0
cell_86	0	2	0	5	2	21	0	2	0	0	0	0	0	0	0	2
cell_1587	0	0	11	0	0	0	2	0	0	0	0	0	2	2	2	0
cell_1831	2	0	57	0	0	0	0	0	0	2	2	0	2	2	0	2
cell_1648	0	6	0	0	0	0	2	0	0	0	2	0	2	2	0	5
cell_1210	3	0	12	0	14	0	0	0	0	0	0	0	2	2	0	0
cell_124	0	2	0	5	0	21	0	2	0	0	0	0	0	0	0	0
cell_889	2	34	0	5	0	0	2	3	2	0	0	0	0	6	0	0
cell_870	2	0	0	5	0	3	2	4	2	0	0	0	0	6	0	3
cell_498	28	2	2	5	0	2	0	0	2	0	0	8	0	0	0	0
cell_182	0	2	5	5	0	0	2	0	4	0	0	0	0	0	2	0
cell_226	0	2	0	5	0	0	19	0	0	0	0	2	5	2	0	0
cell_1904	2	0	57	0	0	2	0	0	0	0	12	0	2	2	0	2
cell_1885	2	0	57	0	0	0	0	0	0	0	0	0	2	2	0	2
cell_47	0	2	0	5	2	21	0	0	2	8	0	0	2	2	0	0
cell_1474	0	0	0	0	5	0	0	0	2	2	0	0	2	2	0	0
cell_358	28	2	0	5	0	2	0	0	2	0	0	0	0	0	2	0
cell_1158	0	0	12	3	3	0	0	0	3	0	0	0	2	2	0	21
cell_1967	2	0	0	0	0	0	0	0	0	0	0	0	2	2	0	5
cell_712	0	0	0	5	0	0	5	0	0	0	0	0	2	0	4	3
cell_361	28	2	0	5	0	2	0	5	2	0	2	0	5	0	2	0
cell_694	0	0	0	5	0	12	0	0	2	0	0	3	0	2	0	0
cell_1251	0	2	2	0	0	0	5	0	0	0	0	0	2	2	0	0
cell_484	28	2	2	5	0	2	5	2	2	0	0	0	0	0	0	0
cell_1693	0	0	0	0	0	0	2	0	0	0	0	0	2	2	2	0
cell_1861	2	3	57	0	2	0	2	0	0	0	0	0	2	2	0	2
cell_544	2	0	0	5	0	2	2	0	0	0	2	0	2	0	5	0
cell_1323	3	2	0	0	0	2	0	0	2	0	0	0	2	2	0	0
cell_135	2	2	0	5	4	0	0	0	0	0	5	0	0	0	0	0
cell_963	0	0	0	5	0	3	2	0	15	5	0	0	0	0	5	0
cell_18	0	2	0	5	2	21	0	0	2	0	0	0	0	3	0	0
cell_391	28	2	2	5	0	2	0	0	2	0	0	0	0	0	0	2
cell_660	0	0	0	5	0	0	2	4	2	0	0	0	0	2	0	0
cell_475	28	2	0	5	4	2	0	0	2	0	0	0	0	0	0	0
cell_1973	2	21	0	0	5	5	0	0	0	0	0	4	2	2	0	2
cell_729	0	0	0	5	0	0	0	0	2	0	0	7	0	0	4	0
cell_321	28	2	0	5	0	2	3	0	2	0	0	0	0	12	0	2
cell_1398	0	2	2	0	2	0	0	0	2	5	2	2	2	2	0	0
cell_752	0	0	0	5	2	0	0	0	10	0	0	0	0	0	4	0
cell_8	5	2	2	5	2	21	2	0	0	0	0	0	0	2	0	0
cell_1194	3	2	12	0	0	0	6	0	0	2	0	0	2	2	0	0
cell_1418	0	0	0	0	18	0	0	2	2	0	0	0	2	2	2	2
cell_1539	2	0	0	0	0	0	2	0	0	0	0	0	2	2	0	0
cell_871	2	0	0	5	0	3	2	4	2	0	0	6	0	6	0	3
cell_699	0	0	0	5	0	12	9	0	2	5	0	0	0	2	3	0
cell_382	28	2	0	5	0	2	0	0	2	0	0	2	0	0	2	0
cell_726	0	5	2	5	0	0	0	0	0	0	0	0	0	2	4	0
cell_1532	0	0	0	0	0	0	0	12	2	0	0	0	2	2	0	0
cell_778	2	3	0	5	0	0	2	8	2	0	0	2	0	6	0	3
cell_132	2	2	0	5	4	0	0	0	0	3	5	0	0	0	0	0
cell_1242	2	2	2	0	0	5	5	3	0	0	0	0	2	2	5	0
cell_841	2	0	0	5	2	0	2	0	2	2	0	0	0	6	0	0
cell_1615	0	0	0	0	0	0	2	0	0	0	4	11	2	2	0	0
cell_1980	2	0	0	0	0	0	0	0	0	3	0	4	2	2	0	0
cell_1876	2	0	57	0	0	0	0	0	0	0	0	0	2	2	0	2
cell_626	0	0	0	5	0	2	2	0	0	0	0	0	0	0	0	0
cell_1666	0	0	0	0	11	2	2	2	0	0	2	0	2	2	0	5
cell_1445	0	0	0	4	0	0	0	2	2	2	0	3	2	2	0	0
cell_813	2	9	0	5	0	0	2	0	2	2	0	0	0	6	2	5
cell_1134	0	0	0	0	10	0	2	2	0	5	0	0	2	2	0	2
cell_1565	2	0	0	0	0	0	2	0	20	0	0	0	2	2	0	0
cell_1577	0	0	0	0	0	0	2	0	2	0	0	0	2	2	0	0
cell_550	0	0	0	5	0	0	0	0	0	0	0	2	0	0	5	2
cell_1712	0	0	0	12	0	0	2	0	0	0	0	2	2	2	2	0
cell_541	2	0	0	5	0	2	2	0	0	0	0	0	2	0	5	0
cell_1953	2	0	0	0	0	0	2	0	0	0	0	0	2	2	0	0
cell_1642	0	6	0	0	0	0	2	0	0	0	2	0	2	2	0	5
cell_558	0	0	0	5	0	0	0	0	0	0	0	2	0	0	5	2
cell_37	0	2	2	5	2	21	0	2	0	0	0	0	2	2	0	0
cell_416	28	2	2	5	2	2	0	2	2	0	2	2	0	7	0	0
cell_1466	0	0	2	0	0	0	0	2	2	0	0	0	2	2	0	0
cell_1366	0	2	2	0	0	0	0	0	2	0	0	2	2	2	0	0
cell_1851	2	0	57	2	0	0	0	0	0	2	2	0	2	2	0	2
cell_1817	2	0	57	0	0	2	0	0	0	0	2	2	2	2	0	2
cell_1643	0	6	0	0	0	0	2	0	0	0	2	0	2	2	0	5
cell_978	0	4	0	5	0	3	2	0	15	0	0	0	0	0	0	50
cell_1579	0	0	0	0	0	0	2	0	2	0	0	0	2	2	2	0
cell_1537	2	0	0	0	0	0	2	0	0	0	0	5	2	2	0	0
cell_1248	2	2	3	0	0	0	5	3	0	0	0	0	2	2	0	0
cell_373	28	2	0	5	4	2	2	0	2	0	4	0	0	0	2	0
cell_2013	2	120	2	0	0	0	3	0	0	2	0	0	2	2	2	2
cell_1073	0	0	0	5	0	0	0	0	2	0	0	0	2	2	19	2
cell_1302	0	0	2	2	0	0	0	8	2	0	0	0	2	2	0	0
cell_334	28	2	0	5	0	2	0	0	2	0	0	0	0	12	4	2
cell_441	28	2	0	5	0	2	0	0	2	0	0	2	0	0	5	0
cell_898	0	0	0	5	0	2	2	0	15	0	0	0	3	0	0	0
cell_2029	2	0	0	0	0	0	3	0	0	2	2	2	2	2	0	0
cell_1945	2	0	5	4	0	3	0	4	0	0	0	2	2	2	6	0
cell_2036	2	0	0	0	2	0	3	0	6	0	0	0	2	2	0	0
cell_1282	0	0	0	2	0	0	0	0	2	0	0	0	2	2	4	0
cell_406	28	2	2	5	0	2	0	0	2	0	0	0	0	0	0	2
cell_1071	0	0	0	0	0	2	0	2	0	0	0	2	2	2	19	2
cell_58	4	2	0	5	2	21	0	0	0	2	0	0	2	0	0	0
cell_1846	2	0	57	0	0	2	0	0	0	2	2	0	2	2	0	2
cell_974	0	6	0	5	0	3	2	0	15	5	0	0	0	0	0	0
cell_1726	0	0	0	0	0	0	2	0	3	3	0	2	2	2	2	0
cell_909	2	0	0	5	0	13	2	0	15	0	5	0	3	0	0	0
cell_217	0	2	0	5	0	0	19	2	0	0	5	2	0	2	0	0
cell_1556	2	0	0	0	5	0	2	0	0	0	0	0	2	2	0	0
cell_680	2	0	0	5	0	0	0	0	2	0	0	0	3	2	2	0
cell_860	2	0	2	5	0	0	2	0	2	0	0	0	0	6	0	0
cell_54	4	2	0	5	2	21	0	0	5	2	2	0	2	0	0	0
cell_1612	0	0	8	0	0	0	2	0	0	0	4	11	2	2	0	0
cell_1909	2	0	57	0	0	0	0	0	0	0	0	0	2	2	0	2
cell_1353	10	0	2	0	0	0	0	0	2	2	3	2	2	2	0	19
cell_283	28	2	0	5	2	2	0	0	0	0	0	2	0	0	0	2
cell_998	0	0	0	5	0	0	2	2	15	0	0	0	0	0	0	0
cell_989	2	0	0	5	0	3	2	0	15	0	0	0	4	0	0	0
cell_1701	0	0	0	12	0	0	2	0	0	0	0	2	2	2	2	0
cell_1105	0	2	8	0	0	0	5	0	0	0	2	2	2	2	0	2
cell_1310	0	0	0	2	0	0	0	8	2	0	7	0	2	2	0	0
cell_241	0	2	0	5	0	4	19	0	0	0	2	2	0	2	2	0
cell_1507	0	0	0	0	0	0	0	0	2	8	0	10	2	2	0	0
cell_59	4	2	0	5	2	21	0	49	0	0	0	0	2	0	0	0
cell_1375	0	0	2	0	5	0	4	0	2	0	0	2	2	2	0	0
cell_864	2	0	0	5	2	0	2	0	2	0	0	0	3	6	2	0
cell_102	3	2	0	5	0	21	0	2	0	0	0	0	0	0	2	0
cell_553	0	5	0	5	0	0	0	0	0	0	0	2	0	0	5	2
cell_1186	3	0	12	0	0	0	0	3	0	2	0	0	2	2	0	0
cell_683	0	0	0	5	0	0	0	0	2	0	0	0	0	2	2	0
cell_1829	2	0	57	0	0	0	0	0	0	2	2	0	2	2	0	2
cell_681	0	0	0	5	0	0	0	0	2	0	0	0	3	2	2	0
cell_1635	0	6	0	3	0	0	2	0	0	0	2	0	2	2	0	3
cell_765	0	0	0	5	0	0	0	0	0	0	0	0	0	0	4	4
cell_254	0	2	0	5	0	0	19	0	0	0	0	2	0	2	0	0
cell_777	2	3	0	5	0	0	2	8	2	0	0	2	0	6	0	3
cell_1629	0	0	0	0	0	0	2	0	0	2	0	11	2	2	0	5
cell_1199	3	2	12	2	0	0	6	0	13	2	0	0	2	2	0	0
cell_353	28	2	0	5	0	2	0	0	2	0	0	0	0	0	2	0
cell_274	28	2	0	5	2	2	0	0	0	0	0	0	0	0	5	2
cell_926	0	0	0	5	0	0	2	0	15	0	0	40	0	0	0	4
cell_1576	0	0	0	0	4	0	2	0	0	0	0	2	2	2	0	0
cell_1421	2	0	0	5	0	0	0	2	2	0	2	0	2	2	2	0
cell_1661	0	10	0	0	0	0	2	0	0	0	2	0	2	2	0	3
cell_1112	0	2	0	0	0	0	0	0	0	0	0	0	2	2	0	2
cell_658	0	0	0	5	0	0	2	4	2	0	0	0	0	2	0	0
cell_352	28	2	0	5	0	2	0	0	2	3	2	0	0	12	0	0
cell_566	0	0	0	5	0	3	0	0	0	10	0	0	0	0	5	0
cell_625	0	0	0	5	0	2	2	0	0	0	0	0	0	0	0	0
cell_933	0	0	2	5	0	0	2	0	15	0	0	2	0	0	0	0
cell_1697	3	0	0	12	0	0	2	0	0	0	0	2	2	2	2	0
cell_1951	2	0	0	0	0	3	0	0	0	21	0	0	2	2	6	0
cell_930	0	0	0	5	0	2	2	0	15	0	0	2	0	14	0	0
cell_1110	0	2	0	0	0	0	0	0	0	0	0	0	2	2	0	2
cell_1465	0	0	2	0	0	0	0	2	2	0	0	0	2	2	0	0
cell_1011	0	0	0	5	0	0	2	0	15	0	0	0	0	0	0	0
cell_278	28	2	42	5	2	2	0	0	0	0	0	0	3	0	0	2
cell_1062	0	3	12	0	3	8	0	0	0	0	0	0	2	2	19	2
cell_1998	2	0	0	0	0	0	3	0	0	0	0	0	2	2	0	0
cell_1602	0	0	0	0	0	0	2	0	0	0	4	11	2	2	0	0
cell_141	2	2	0	5	4	0	0	0	4	3	5	0	0	0	0	0
cell_360	28	2	0	5	0	2	0	0	2	0	0	0	0	0	2	0
cell_385	28	2	2	5	2	2	11	0	2	0	0	0	0	0	0	0
cell_1379	0	0	2	3	0	0	0	0	2	0	2	2	2	2	0	0
cell_557	0	0	0	5	0	0	0	0	0	0	0	2	0	0	5	2
cell_1899	2	0	57	0	0	2	0	0	0	0	12	2	2	2	0	2
cell_1470	0	2	2	0	0	0	0	2	2	0	0	0	2	2	0	0
cell_709	5	0	0	5	0	0	0	0	0	0	0	0	0	0	4	0
cell_655	0	0	0	5	0	0	0	0	2	2	0	0	4	2	0	0
cell_560	0	0	0	5	0	0	0	0	0	0	0	2	0	0	5	2
cell_816	2	9	0	5	0	0	2	0	0	2	0	0	0	6	2	5
cell_55	4	2	0	5	2	21	0	0	5	2	2	2	2	0	0	13
cell_1810	2	0	57	0	0	3	0	0	0	0	2	0	2	2	2	2
cell_1789	0	0	0	0	0	0	2	5	0	0	2	0	2	2	0	2
cell_424	28	2	2	5	0	2	0	0	2	0	29	0	0	0	0	0
cell_1536	0	0	0	0	0	0	0	0	2	0	11	0	2	2	0	0
cell_1266	0	2	2	0	0	0	5	4	0	0	0	0	2	2	0	0
cell_1502	0	2	0	0	0	0	0	0	2	2	0	0	2	2	0	0
cell_1856	2	0	57	2	0	2	0	0	0	2	2	0	2	2	0	2
cell_1808	2	0	57	22	0	2	0	0	0	2	2	0	2	2	0	2
cell_1283	0	0	0	2	0	15	0	0	2	0	0	0	2	2	4	0
cell_1900	2	0	57	0	0	2	0	0	0	0	12	2	2	2	0	2
cell_1155	0	0	12	2	3	0	0	0	0	0	0	8	2	2	0	21
cell_919	2	0	0	5	0	3	2	0	15	0	0	0	0	0	0	0
cell_1098	0	2	0	0	0	0	0	0	0	0	5	0	2	2	0	2
cell_602	0	5	0	5	0	0	0	3	0	0	0	0	0	0	0	0
cell_1504	0	2	0	0	2	0	0	0	2	2	0	0	2	2	0	0
cell_1390	0	0	2	3	8	0	0	2	2	0	2	2	2	2	0	0
cell_509	28	2	2	5	0	2	0	0	2	11	2	0	3	0	0	0
cell_468	28	2	3	5	4	2	0	0	2	0	0	0	0	0	0	0
cell_1191	3	0	12	0	0	0	4	0	0	2	0	0	2	2	0	0
cell_1108	0	2	8	0	0	0	5	0	0	0	0	0	2	2	0	2
cell_1988	2	0	3	0	0	0	3	0	0	0	0	0	2	2	0	0
cell_365	28	2	0	5	0	2	0	0	2	0	2	0	0	0	2	0
cell_1355	10	0	2	0	0	0	0	0	2	2	3	2	2	2	0	19
cell_1519	0	0	0	0	4	0	0	0	2	0	0	0	2	2	2	0
cell_647	0	2	0	5	0	0	8	0	2	0	0	0	0	2	0	0
cell_800	2	0	0	5	0	0	2	8	2	0	2	0	0	6	2	0
cell_1152	0	2	0	0	0	0	0	0	0	5	0	0	2	2	0	2
cell_473	28	2	0	5	4	2	0	0	2	0	0	0	0	0	0	0
cell_1595	0	0	0	5	21	0	2	0	0	0	0	0	2	2	0	0
cell_1705	0	0	0	12	0	0	2	0	0	0	0	2	2	2	2	0
cell_93	0	2	0	5	7	21	0	2	2	0	0	9	0	2	0	0
cell_648	0	2	0	5	0	0	8	0	2	0	0	0	0	2	0	0
cell_1162	0	0	12	0	0	0	0	0	0	0	0	0	2	2	0	21
cell_937	0	0	0	5	22	0	2	0	15	0	0	2	0	0	0	5
cell_332	28	2	0	5	0	2	0	0	2	0	0	0	0	12	4	2
cell_707	0	0	0	5	0	0	0	0	0	0	0	0	0	0	4	0
cell_1144	0	0	0	0	0	0	0	0	0	5	0	2	2	2	0	2
cell_1547	2	0	0	0	0	0	2	0	2	0	2	0	2	2	0	0
cell_259	28	2	3	5	2	2	0	0	3	0	13	2	0	0	4	0
cell_1227	0	2	2	0	0	0	5	2	3	5	0	0	2	2	0	0
cell_826	2	9	2	5	0	2	2	0	0	0	0	0	0	6	0	0
cell_1318	0	0	3	0	0	2	2	0	2	0	0	0	2	2	2	0
cell_489	28	2	2	5	0	2	0	0	2	0	0	0	0	0	0	0
cell_1010	0	0	0	5	0	0	2	10	15	0	0	0	0	0	0	0
cell_1450	2	0	0	4	2	0	0	2	2	0	0	3	2	2	0	0
cell_669	0	2	0	5	0	0	0	0	2	0	0	0	0	2	0	2
cell_924	0	0	0	5	0	0	2	0	15	0	2	40	0	0	0	0
cell_847	2	0	0	5	2	0	2	0	2	0	0	0	0	6	0	0
cell_1103	0	2	0	0	0	0	5	0	0	0	5	0	2	2	0	2
cell_756	2	0	0	5	0	0	0	0	0	0	0	0	0	0	4	0
cell_271	28	2	3	5	2	2	2	0	0	0	0	2	0	0	0	0
cell_1784	0	0	0	0	0	2	2	0	0	0	2	2	2	2	0	2
cell_1604	0	0	0	0	0	0	2	0	0	0	4	11	2	2	0	0
cell_1468	2	4	2	0	0	0	0	2	2	0	0	0	2	2	0	0
cell_1683	0	0	0	0	0	0	2	0	0	3	0	5	2	2	2	2
cell_15	0	2	0	5	2	21	0	0	0	0	0	0	0	0	0	0
cell_1545	2	0	0	0	0	0	2	0	0	0	0	0	2	2	0	0
cell_1493	0	2	0	0	0	0	0	0	2	2	0	0	2	2	0	0
cell_983	0	4	0	5	0	3	2	0	15	0	0	0	0	0	0	0
cell_1145	0	0	9	0	0	0	0	5	0	5	0	2	2	2	0	2
cell_917	0	0	0	5	0	3	2	0	15	0	0	0	0	0	0	0
cell_1611	0	0	8	0	0	0	2	0	0	0	4	11	2	2	0	0
cell_1809	2	0	57	0	0	3	0	0	0	0	2	0	2	2	2	2
cell_1969	2	21	0	0	5	5	0	0	3	0	0	4	2	2	0	0
cell_1121	0	5	0	0	10	0	0	0	2	5	2	0	2	2	0	2
cell_1343	2	0	0	0	0	0	0	0	2	0	0	0	2	2	0	0
cell_945	0	0	0	5	0	0	2	0	15	0	0	2	0	0	0	0
cell_256	0	2	0	5	0	0	19	0	0	5	0	2	0	2	0	0
cell_1866	2	3	57	0	2	0	0	0	3	3	0	0	2	2	3	2
cell_1745	0	0	0	0	5	5	2	0	2	2	2	2	2	2	5	0
cell_1216	3	0	12	0	14	0	0	0	0	0	0	0	2	2	0	0
cell_383	28	2	0	5	0	2	0	0	2	0	0	2	0	0	2	0
cell_1794	2	0	57	0	0	0	2	0	0	0	2	0	2	2	0	2
cell_907	2	0	2	5	0	13	2	0	15	0	5	0	3	0	0	0
cell_205	0	2	0	5	0	5	19	2	3	0	5	2	0	2	0	2
cell_1971	2	21	0	0	5	5	0	0	0	0	0	4	2	2	0	0
cell_1965	2	0	0	0	0	0	0	0	0	0	5	0	2	2	0	5
cell_23	0	2	0	5	2	21	0	0	0	0	0	0	0	0	0	0
cell_1607	0	38	0	0	0	0	2	0	0	0	4	11	2	2	0	0
cell_883	2	0	3	5	0	8	2	3	2	0	0	0	0	6	0	0
cell_1768	0	0	0	5	0	0	2	5	2	0	2	2	2	2	5	0
cell_1070	0	0	0	0	0	0	0	0	3	0	0	2	2	2	19	2
cell_1522	0	0	0	0	0	0	0	0	2	0	0	0	2	2	0	0
cell_279	28	2	42	5	2	2	0	0	0	0	0	0	0	0	0	2
cell_335	28	2	0	5	2	2	0	2	2	0	0	0	0	12	4	2
cell_668	0	0	0	5	0	0	0	2	2	0	2	0	0	2	0	0
cell_627	0	0	0	5	0	2	2	0	0	0	0	0	0	0	0	0
cell_1334	0	0	0	0	0	0	0	0	2	0	0	2	2	2	5	0
cell_455	28	2	0	5	4	2	2	0	2	0	2	8	2	0	2	0
cell_1641	0	6	0	0	0	0	2	0	0	0	2	0	2	2	0	5
cell_1952	2	0	0	0	0	3	0	0	0	21	0	0	2	2	6	0
cell_1554	2	2	0	0	5	0	2	0	0	0	0	0	2	2	0	0
cell_1367	0	2	2	0	0	0	0	0	2	0	0	2	2	2	0	0
cell_802	2	9	0	5	0	2	2	2	2	2	0	0	0	6	2	5
cell_2	0	2	0	5	2	21	0	0	0	0	0	0	5	2	0	0
cell_788	2	0	0	5	0	0	2	8	0	0	2	0	0	6	2	0
cell_1048	0	0	0	0	0	0	0	5	2	0	0	0	2	2	19	2
cell_744	0	0	0	5	0	0	0	0	0	5	0	0	0	0	4	0
cell_1521	0	0	0	0	0	0	0	0	2	0	0	0	2	2	0	0
cell_1482	0	0	0	0	0	0	2	0	2	2	0	0	2	2	5	0
cell_1177	3	0	12	0	0	0	0	0	0	0	0	0	2	2	5	21
cell_379	28	2	2	5	0	2	0	3	2	3	0	0	2	0	2	0
cell_1591	0	0	11	0	0	2	2	0	0	0	0	0	2	2	0	0
cell_1117	2	2	0	0	0	0	0	0	0	0	0	12	2	2	0	2
cell_513	2	0	0	5	0	0	5	0	0	0	0	0	0	2	5	0
cell_1473	0	0	0	0	5	0	0	0	2	2	0	0	2	2	0	0
cell_1801	2	0	57	0	0	0	0	0	0	2	2	0	2	2	0	2
cell_496	28	2	2	5	0	2	0	0	2	0	0	2	0	0	0	0
cell_2040	2	0	0	0	0	0	3	0	6	0	0	0	2	2	0	4
cell_1510	0	0	0	0	0	0	0	0	2	2	0	10	2	2	0	0
cell_155	2	2	0	5	3	0	0	0	8	0	0	0	0	0	0	0
cell_935	0	0	2	5	0	0	2	0	15	0	0	2	0	0	0	0
cell_70	0	2	5	5	2	21	0	2	0	2	0	0	0	2	0	2
cell_1459	0	0	2	0	0	0	0	2	2	0	0	0	2	2	0	0
cell_506	28	2	2	5	0	2	0	0	2	11	2	0	3	0	0	0
cell_997	0	0	0	5	0	0	2	2	15	0	0	0	0	0	0	0
cell_1174	3	0	12	0	3	0	0	0	0	0	0	0	2	2	5	21
cell_1688	0	0	2	0	0	0	2	0	0	0	0	0	2	2	2	0
cell_1656	8	0	0	0	0	0	2	0	0	0	2	0	2	2	0	2
cell_636	0	0	0	5	0	2	2	0	0	0	0	0	0	0	0	2
cell_1966	2	0	0	0	0	0	0	0	0	0	5	0	2	2	0	5
cell_1750	0	0	0	0	0	5	2	0	2	0	2	2	2	2	0	0
cell_370	28	2	0	5	0	2	0	0	2	0	2	0	0	0	2	0
cell_610	2	0	0	5	3	2	2	0	0	0	0	0	0	2	0	0
cell_840	2	0	0	5	2	0	2	0	2	0	0	0	0	6	0	8
cell_495	28	2	2	5	0	2	0	0	2	0	0	2	0	0	0	0
cell_1742	2	0	0	3	0	0	2	0	0	0	2	2	2	2	0	0
cell_1344	2	0	0	0	0	0	0	0	2	0	0	0	2	2	0	0
cell_1476	0	0	0	48	5	0	0	0	2	2	0	0	2	2	0	0
cell_1161	0	0	12	0	0	0	0	0	0	0	0	0	2	2	0	21
cell_106	0	2	0	5	0	21	0	2	0	0	0	2	0	0	2	0
cell_138	2	2	0	5	4	0	0	5	0	0	5	0	0	5	0	0
cell_609	2	0	0	5	3	2	2	0	0	0	0	0	0	2	0	0
cell_872	2	0	0	5	0	3	2	4	2	0	0	6	0	6	0	3
cell_1860	2	3	57	5	2	0	2	0	0	0	0	0	2	2	0	2
cell_1218	0	2	0	0	0	0	5	0	0	5	0	0	2	2	0	0
cell_166	0	2	0	5	0	0	2	2	0	0	0	0	0	0	0	0
cell_1937	2	0	0	0	0	3	3	0	0	0	0	0	2	2	6	0
cell_1566	2	0	0	0	0	0	2	0	20	0	0	0	2	2	0	0
cell_1803	2	0	57	0	0	0	0	0	0	2	2	0	2	2	0	2
cell_1096	0	2	0	0	0	0	0	0	0	0	0	0	2	2	0	2
cell_1563	2	0	0	0	0	0	2	0	20	0	0	0	2	2	0	0
cell_606	0	5	0	5	0	6	0	3	0	0	0	0	0	0	0	0
cell_1771	0	0	0	0	0	0	2	5	2	0	2	0	2	2	0	0
cell_686	0	0	0	5	0	0	0	0	2	0	0	0	0	2	2	0
cell_1124	2	5	0	0	10	0	0	0	2	5	0	0	2	2	0	2
cell_1035	0	0	0	0	2	0	0	0	2	0	3	0	2	2	19	2
cell_1391	0	0	2	3	0	0	0	2	2	0	2	2	2	2	0	0
cell_1007	2	0	0	5	0	0	2	0	15	0	12	0	0	0	0	0
cell_947	0	0	0	5	0	0	2	0	15	0	0	2	0	0	0	0
cell_1668	0	0	0	0	11	2	2	2	0	0	2	0	2	2	0	5
cell_1079	11	0	0	0	0	2	0	0	0	0	0	5	2	2	19	2
cell_30	0	2	0	5	2	21	0	0	0	0	2	0	0	0	0	0
cell_1254	0	2	2	0	0	2	5	0	0	2	0	0	2	2	0	3
cell_665	0	0	0	5	0	0	0	2	2	0	0	0	0	2	0	0
cell_1356	10	0	2	0	0	0	0	0	2	2	3	2	2	2	0	19
cell_1752	0	0	0	0	0	5	2	0	2	0	2	2	2	2	0	0
cell_1505	0	0	0	0	0	0	0	0	2	0	0	10	2	2	0	0
cell_493	28	2	2	5	0	2	0	0	2	0	0	2	0	0	0	0
cell_1672	0	0	0	0	0	2	2	2	0	0	0	0	2	2	0	5
cell_1142	0	0	0	0	0	0	0	0	0	5	0	2	2	2	0	2
cell_1767	0	0	0	5	0	0	2	5	2	0	2	2	2	2	5	0
cell_263	28	2	3	5	2	2	0	0	3	0	13	0	0	0	0	2
cell_829	2	9	2	5	0	0	2	0	5	0	0	3	0	6	0	0
cell_64	4	2	0	5	2	21	2	0	0	0	0	0	2	0	0	0
cell_299	28	2	0	5	0	2	0	0	0	5	2	3	2	21	0	0
cell_1046	0	0	0	0	0	0	0	5	2	0	6	0	2	2	19	2
cell_344	28	2	0	5	0	2	0	0	2	0	0	0	0	12	0	0
cell_67	0	2	5	5	2	21	0	2	64	0	0	0	0	2	0	2
cell_1494	0	2	0	0	0	0	0	0	2	2	0	0	2	2	0	0
cell_773	2	0	0	5	8	5	2	8	2	0	0	0	0	6	0	0
cell_1797	2	0	57	0	0	0	0	0	0	0	2	0	2	2	0	2
cell_1497	0	2	0	4	0	0	0	0	2	2	0	0	2	2	0	0
cell_1085	0	0	0	0	0	0	0	0	0	4	0	0	2	2	19	2
cell_1877	2	0	57	0	0	0	0	0	0	0	0	0	2	2	0	2
cell_1042	2	0	0	0	0	0	0	5	2	0	0	0	2	2	19	2
cell_262	28	2	3	5	2	2	0	0	3	0	13	0	0	0	0	2
cell_1833	2	0	57	0	0	0	0	0	0	2	2	0	2	2	0	2
cell_1729	0	0	0	0	10	0	2	0	0	2	2	2	2	2	0	0
cell_552	0	0	0	5	0	0	0	0	0	0	0	2	0	0	5	2
cell_1986	2	0	3	0	0	0	3	0	0	0	0	0	2	2	0	0
cell_350	28	2	0	5	0	2	3	0	2	3	0	0	0	12	0	0
cell_261	28	2	3	5	2	2	0	0	3	0	13	0	0	0	0	2
cell_861	2	0	0	5	2	0	2	0	2	0	0	0	3	6	2	0
cell_921	0	0	0	5	0	0	2	0	15	0	0	40	0	0	0	0
cell_848	2	0	0	5	2	0	2	0	2	0	0	0	0	6	0	0
cell_1201	3	0	12	0	0	0	0	0	2	0	0	0	2	2	0	0
cell_290	28	2	0	5	0	2	2	0	0	5	2	0	0	0	2	0
cell_1258	2	2	2	0	0	0	5	0	0	0	0	0	2	2	0	5
cell_616	2	0	0	5	0	2	2	0	0	0	0	0	0	0	0	0
cell_1135	0	0	0	0	10	0	2	2	0	5	0	0	2	2	0	2
cell_1480	0	0	0	0	5	0	0	0	2	2	0	0	2	2	2	0
cell_842	2	0	0	5	2	0	2	0	2	2	0	0	0	6	0	0
cell_1538	2	0	0	0	0	0	2	0	0	0	0	5	2	2	0	0
cell_463	28	2	0	5	4	2	0	0	2	0	0	0	12	0	0	0
cell_27	0	2	0	5	2	21	0	0	0	2	0	0	0	0	2	0
cell_1938	2	0	0	0	0	3	3	0	0	0	0	0	2	2	6	0
cell_1963	2	0	0	18	0	0	2	0	0	0	0	2	2	2	0	5
cell_1319	0	0	0	0	0	2	2	0	2	0	0	0	2	2	0	0
cell_2016	2	0	2	0	0	0	3	0	0	2	0	0	2	2	2	2
cell_476	28	2	0	5	4	2	0	0	2	0	0	0	0	0	0	0
cell_1031	0	0	0	0	2	0	0	0	2	0	0	0	2	2	19	2
cell_779	2	3	0	5	0	0	2	8	2	0	0	0	0	6	0	0
cell_2026	2	0	0	0	4	0	3	0	0	0	2	2	2	2	0	0
cell_1429	15	0	0	0	0	0	0	2	2	0	0	0	2	2	0	0
cell_377	28	2	2	5	0	2	0	0	2	3	0	0	0	0	2	0
cell_760	0	0	0	5	0	0	0	0	0	0	0	0	0	0	4	0
cell_38	0	2	2	5	2	21	0	2	0	0	0	0	2	2	0	0
cell_505	28	2	2	5	0	2	0	0	2	11	2	0	3	0	0	0
cell_1753	0	0	0	0	13	5	2	0	2	0	2	2	2	2	0	0
cell_1100	0	2	0	0	0	0	0	0	6	0	5	0	2	2	0	2
cell_1895	2	0	57	0	0	0	0	0	0	0	0	0	2	2	0	2
cell_834	2	0	0	5	2	0	2	2	2	2	0	0	0	6	5	0
cell_306	28	2	0	5	5	2	0	0	0	0	0	0	0	0	0	0
cell_1332	0	0	0	0	0	0	0	0	2	0	0	2	2	2	0	0
cell_378	28	2	2	5	0	2	0	0	2	3	0	0	0	0	2	0
cell_302	28	2	0	5	0	2	2	0	0	5	2	3	2	0	0	0
cell_1931	2	11	0	14	0	0	0	0	0	2	0	2	2	2	0	0
cell_1175	3	0	12	0	3	0	0	0	0	0	0	0	2	2	5	21
cell_637	0	0	8	5	0	2	2	0	0	5	0	0	0	0	0	2
cell_877	2	0	0	5	0	0	2	0	2	0	0	0	2	6	0	0
cell_1610	6	0	8	0	0	0	2	0	0	0	4	11	2	2	0	0
cell_858	2	2	0	5	0	2	2	0	2	0	0	0	0	6	0	3
cell_327	28	2	0	5	0	2	3	0	2	0	0	0	0	12	2	2
cell_1523	0	0	0	0	0	2	0	0	2	0	0	0	2	2	0	0
cell_567	0	0	0	5	0	3	0	0	0	10	0	0	0	0	5	0
cell_890	2	34	0	5	0	0	2	3	2	0	0	0	0	6	0	0
cell_1755	2	0	0	0	13	5	2	0	2	0	2	2	2	2	0	0
cell_104	3	2	0	5	0	21	0	2	0	0	0	5	0	0	2	0
cell_1487	0	0	3	0	0	0	0	2	2	2	0	0	2	2	15	0
cell_1361	0	0	2	0	0	4	0	0	2	0	0	2	2	2	0	0
cell_2006	2	0	0	0	0	0	3	0	0	0	0	0	2	2	0	0
cell_851	2	0	0	5	0	0	2	0	2	0	2	0	0	6	2	2
cell_1099	0	2	0	0	0	0	0	0	6	0	5	0	2	2	0	2
cell_1775	0	0	0	0	0	0	2	5	2	0	2	0	2	2	0	0
cell_105	0	2	0	5	0	21	0	2	0	0	0	2	0	0	2	0
cell_1617	0	0	0	0	0	0	2	0	0	0	0	11	2	2	2	5
cell_1044	0	0	0	0	0	0	0	5	2	0	0	0	2	2	19	2
cell_1130	0	0	0	0	10	0	2	3	0	5	0	0	2	2	0	2
cell_1423	0	0	0	0	0	0	0	2	2	0	2	0	2	2	2	0
cell_258	28	2	3	5	2	2	0	0	3	0	13	2	0	0	4	0
cell_1427	0	0	0	0	0	5	0	2	2	0	0	0	2	2	2	0
cell_407	28	2	2	5	0	2	0	0	2	0	0	0	0	0	0	2
cell_1127	0	5	0	0	10	0	0	0	2	5	0	0	2	2	5	2
cell_1779	0	0	0	0	0	2	2	0	0	0	2	0	2	2	0	2
cell_1019	0	0	0	5	0	4	2	0	15	0	0	0	0	0	0	0
cell_1374	0	0	2	0	0	0	4	0	2	9	0	2	2	2	0	0
cell_235	2	2	0	5	0	0	19	0	0	0	0	2	0	2	0	0
cell_1277	0	2	2	0	0	2	5	4	0	2	0	0	2	2	0	0
cell_1567	2	0	0	0	0	0	2	0	20	0	0	0	2	2	0	0
cell_1317	0	0	3	0	0	2	2	0	2	0	0	0	2	2	2	0
cell_446	28	2	0	5	0	2	0	0	2	0	0	0	0	0	5	0
cell_715	0	0	0	5	0	0	0	0	0	0	0	0	0	0	4	0
cell_359	28	2	0	5	0	2	0	0	2	0	0	0	0	0	2	0
cell_769	2	0	0	5	0	5	2	8	2	0	0	0	0	6	0	0
cell_1730	0	0	0	0	10	0	2	0	0	2	2	2	2	2	0	0
cell_1413	0	0	0	0	0	0	0	2	2	0	3	0	2	2	2	0
cell_1197	3	0	12	0	0	0	6	0	13	2	0	0	2	2	0	0
cell_1213	3	0	12	0	14	0	0	0	0	0	0	0	2	2	0	0
cell_303	28	2	0	5	2	2	0	0	0	5	2	3	2	0	0	0
cell_1205	3	0	12	0	0	0	0	0	0	0	0	0	2	2	0	0
cell_586	0	40	0	5	0	3	0	0	0	2	0	7	0	0	0	2
cell_133	2	2	0	5	4	0	0	0	0	0	5	0	0	0	0	0
cell_639	0	0	8	5	2	2	2	0	29	0	0	0	0	0	0	2
cell_1128	0	5	0	0	10	0	0	0	2	5	0	0	2	2	5	2
cell_1101	2	2	0	0	0	0	5	0	0	0	5	0	2	2	0	2
cell_2000	2	0	0	0	0	5	3	0	0	0	0	0	2	2	0	0
cell_865	2	2	0	5	0	3	2	4	2	0	0	0	0	6	0	3
cell_1715	0	0	0	0	0	0	2	5	3	52	0	2	2	2	2	0
cell_645	0	0	0	5	0	0	8	0	2	0	0	12	0	2	0	0
cell_1624	0	0	0	0	0	0	2	0	0	0	0	11	2	2	0	5
cell_521	2	0	0	5	0	0	19	2	0	0	0	0	0	0	5	0
cell_1584	2	2	0	0	0	0	2	0	0	0	0	0	2	2	0	0
cell_1709	0	0	0	12	0	0	2	0	0	0	2	2	2	2	2	0
cell_939	0	0	0	5	0	0	2	0	15	0	0	2	0	0	0	0
cell_307	28	2	0	5	0	2	0	0	0	0	0	0	0	0	0	0
cell_1407	0	0	2	0	0	0	2	0	2	0	2	2	2	2	0	0
cell_1264	2	2	2	0	30	3	5	0	0	0	0	0	2	2	0	0
cell_1	0	2	0	5	2	21	0	0	0	0	0	0	5	2	0	0
cell_24	0	2	0	5	2	21	0	0	0	0	0	0	0	0	0	0
cell_1292	0	0	0	2	0	0	0	0	2	0	14	0	2	2	0	0
cell_807	2	9	0	5	0	0	2	0	0	2	0	0	0	6	2	5
cell_414	28	2	2	5	2	2	0	2	2	2	2	2	0	0	0	0
cell_1125	0	5	0	0	10	0	0	0	2	5	0	0	2	2	0	2
cell_589	0	40	0	5	0	3	0	0	0	3	0	7	2	0	0	2
cell_4	0	2	0	5	2	21	0	0	0	0	0	0	0	2	0	0
cell_1670	0	9	0	0	0	0	2	2	0	0	0	0	2	2	0	5
cell_1896	2	0	57	0	0	0	0	0	0	0	0	0	2	2	0	2
cell_1517	0	5	0	0	4	2	0	0	2	0	0	0	2	2	2	0
cell_580	0	0	0	5	0	3	0	0	0	0	0	0	0	0	0	2
cell_1363	0	0	2	0	0	0	0	0	2	0	0	2	2	2	0	0
cell_1230	0	2	0	0	0	0	5	2	0	5	0	0	2	2	0	0
cell_494	28	2	2	5	0	2	0	0	2	0	0	2	0	0	0	0
cell_1431	0	0	0	0	0	0	0	2	2	0	0	0	2	2	0	0
cell_587	0	40	0	5	0	3	0	0	0	2	0	7	0	0	0	2
cell_340	28	2	0	5	0	2	0	0	2	0	0	0	0	12	0	0
cell_1225	0	2	0	0	0	0	5	2	0	5	0	0	2	2	0	0
cell_1644	0	6	0	0	0	0	2	0	0	0	2	0	2	2	0	5
cell_1456	0	0	0	4	2	0	0	2	2	3	0	3	2	2	0	0
cell_1486	0	0	3	0	0	0	0	2	2	2	0	0	2	2	15	0
cell_1897	2	0	57	0	0	2	0	0	2	0	12	0	2	2	0	2
cell_791	2	0	2	5	0	0	2	8	0	0	2	0	0	6	2	0
cell_1582	0	2	0	0	5	0	2	0	0	0	0	2	2	2	0	0
cell_1426	3	0	0	0	0	0	0	2	2	0	0	0	2	2	0	0
cell_1316	2	0	0	2	0	2	0	0	2	0	0	0	2	2	0	0
cell_1764	0	0	0	0	0	0	2	5	2	0	2	2	2	2	0	0
cell_1172	3	0	12	0	3	0	0	0	0	0	0	0	2	2	5	21
cell_900	2	0	0	5	2	2	2	2	15	0	0	0	3	0	0	0
cell_240	0	2	0	5	0	0	19	0	0	0	49	2	0	2	0	0
cell_1798	2	0	57	0	0	0	0	0	0	0	2	0	2	2	0	2
cell_1298	2	0	2	2	2	0	0	8	2	0	0	0	2	2	0	0
cell_1274	0	2	2	0	0	2	5	4	0	2	0	0	2	2	0	0
cell_896	2	0	0	5	0	0	2	3	2	0	0	0	0	6	0	0
cell_78	2	2	0	5	0	21	0	2	0	0	0	0	0	2	0	0
cell_1884	2	0	57	0	3	0	0	0	0	0	0	0	2	2	0	2
cell_1387	0	0	2	3	0	0	5	2	2	0	2	2	2	2	0	0
cell_1529	0	0	0	0	0	0	0	0	2	0	0	0	2	2	0	0
cell_1382	0	0	2	3	0	3	0	0	2	0	2	2	2	2	0	0
cell_1289	0	0	0	2	0	0	0	0	2	0	0	0	2	2	0	0
cell_859	2	0	2	5	0	0	2	0	2	0	0	0	0	6	0	0
cell_1484	0	0	0	0	0	0	2	0	2	2	0	0	2	2	5	0
cell_388	28	2	2	5	2	2	0	0	2	0	0	0	0	0	0	0
cell_671	0	0	0	5	0	0	0	0	2	0	2	0	0	2	0	2
cell_1716	0	0	0	0	0	0	2	5	3	52	0	2	2	2	2	0
cell_2035	2	0	0	0	2	0	3	0	6	0	0	0	2	2	0	0
cell_61	4	2	0	5	2	21	0	0	0	0	0	0	2	0	0	0
cell_1106	0	2	8	0	0	0	5	0	0	0	2	2	2	2	0	2
cell_1859	2	3	57	5	2	0	2	0	0	0	0	0	2	2	0	2
cell_450	28	2	0	5	4	2	2	0	2	0	0	0	0	0	0	2
cell_1857	2	3	57	5	2	0	2	0	0	0	0	0	2	2	0	2
cell_584	0	0	0	5	15	3	0	0	0	17	0	0	0	0	0	2
cell_1301	0	0	2	2	0	0	0	8	2	0	0	0	2	2	0	0
cell_402	28	2	2	5	0	2	0	0	2	0	0	0	0	0	0	0
cell_887	2	0	0	5	0	8	2	3	2	0	0	0	0	6	0	0
cell_630	0	0	0	5	0	2	2	0	0	0	0	0	0	0	0	0
cell_413	28	2	2	5	2	2	0	2	2	2	2	2	0	0	0	0
cell_276	28	2	0	5	2	2	0	0	0	0	0	0	0	0	5	2
cell_994	0	2	0	5	0	0	2	2	15	0	0	0	0	0	0	0
cell_1850	2	0	57	2	0	0	0	0	0	2	2	0	2	2	0	2
cell_1373	0	0	2	0	0	0	4	0	2	9	0	2	2	2	0	0
cell_767	0	0	0	5	0	0	0	0	0	0	0	0	0	0	4	0
cell_538	2	0	0	5	0	2	2	0	0	0	0	0	0	0	5	0
cell_576	0	0	0	5	0	0	0	0	0	5	0	0	0	0	5	0
cell_614	2	0	0	5	0	2	2	0	4	0	0	0	0	0	0	0
cell_1045	0	0	0	0	0	0	0	5	2	0	6	0	2	2	19	2
cell_1632	0	0	0	0	0	0	2	0	0	2	0	11	2	2	0	5
cell_982	0	4	0	5	0	3	2	0	15	0	0	0	0	0	5	0
cell_507	28	2	2	5	0	2	0	0	2	11	2	0	3	0	0	0
cell_1541	2	0	0	0	0	0	2	0	0	0	0	2	2	2	0	0
cell_159	2	2	0	5	3	0	0	0	0	0	0	0	0	0	2	0
cell_1149	0	2	0	0	0	0	0	0	0	5	0	0	2	2	0	2
cell_1950	2	0	0	0	0	3	0	0	0	21	0	0	2	2	6	0
cell_368	28	2	0	5	0	2	0	0	2	0	2	0	2	0	2	0
cell_456	28	2	0	5	4	2	2	0	2	0	2	8	2	0	2	0
cell_1736	0	9	0	0	0	0	2	0	0	2	2	2	2	2	2	0
cell_315	28	2	0	5	0	2	0	0	2	0	0	0	0	2	0	0
cell_1169	3	0	12	0	3	0	0	0	2	0	0	0	2	2	5	21
cell_1728	0	0	0	0	0	0	2	0	3	3	0	2	2	2	2	0
cell_1401	0	0	2	0	0	0	0	0	2	0	2	2	2	2	0	0
cell_2023	2	0	0	0	0	2	3	0	0	0	0	0	2	2	0	0
cell_1646	0	6	0	0	0	0	2	0	0	0	2	0	2	2	2	5
cell_2020	2	2	0	0	0	0	3	0	0	0	0	0	2	2	5	0
cell_1297	2	0	2	2	2	0	0	8	2	0	0	0	2	2	0	0
cell_1281	0	0	0	2	0	0	0	0	2	0	0	0	2	2	4	0
cell_1324	3	2	0	0	0	2	0	0	2	0	0	0	2	2	0	0
cell_1055	0	0	0	0	0	12	0	0	2	0	0	0	2	2	19	2
cell_780	2	3	0	5	0	0	2	8	2	0	0	0	0	6	0	0
cell_1920	2	0	57	0	2	0	2	0	0	5	0	0	2	2	0	2
cell_1189	3	0	12	0	0	0	0	0	0	2	0	0	2	2	0	0
cell_677	0	8	0	5	2	0	0	0	2	0	0	0	3	2	2	0
cell_1322	3	2	0	0	0	2	42	0	2	0	0	0	2	2	0	0
cell_139	2	2	0	5	4	0	0	0	0	0	5	0	0	5	0	0
cell_323	28	2	0	5	0	2	3	0	2	0	0	0	0	12	0	2
cell_32	0	2	0	5	2	21	0	0	0	0	2	2	0	0	0	0
cell_1138	0	0	0	0	0	0	0	0	0	5	0	0	2	2	0	2
cell_2037	2	0	0	0	0	0	3	0	6	0	0	0	2	2	0	0
cell_1671	0	0	0	0	0	2	2	2	0	0	0	0	2	2	0	5
cell_1226	0	2	0	0	0	0	5	2	0	5	0	0	2	2	0	0
cell_305	28	2	0	5	5	2	0	0	0	0	0	0	0	0	0	0
cell_1066	2	0	0	0	0	0	0	0	0	0	0	2	2	2	19	2
cell_1483	0	0	0	0	0	0	2	0	2	2	0	0	2	2	5	0
cell_846	2	0	0	5	2	0	2	0	2	0	0	0	0	6	0	0
cell_850	2	0	0	5	0	0	2	0	2	0	0	0	0	6	2	0
cell_733	0	0	0	5	0	0	0	0	0	0	0	0	0	0	4	0
cell_1690	0	0	0	0	0	0	2	0	0	0	0	0	2	2	2	2
cell_1984	2	0	0	0	0	0	0	0	0	0	0	4	2	2	0	0
cell_1630	0	0	0	0	0	0	2	0	0	2	0	11	2	2	0	5
cell_1054	0	0	0	0	0	0	0	0	2	0	0	0	2	2	19	2
cell_224	0	2	4	5	0	0	19	2	0	0	5	2	0	2	0	0
cell_1498	0	2	0	4	0	0	0	0	2	2	0	0	2	2	0	0
cell_768	0	0	0	5	0	0	0	0	0	0	0	0	0	0	4	0
cell_1681	0	0	2	0	0	0	2	0	0	0	0	5	2	2	2	2
cell_866	2	2	0	5	0	3	2	4	2	0	0	0	0	6	0	3
cell_16	0	2	0	5	2	21	0	0	0	0	0	0	0	0	0	0
cell_1063	0	3	12	0	3	8	0	0	0	0	0	0	2	2	19	2
cell_185	0	2	0	5	0	0	2	0	24	0	0	0	0	0	0	0
cell_530	2	0	0	5	0	0	0	0	0	0	0	0	0	0	5	2
cell_1847	2	0	57	0	0	2	0	0	0	2	2	0	2	2	0	2
cell_1047	0	0	0	0	0	0	0	5	2	0	0	0	2	2	19	2
cell_91	0	2	5	5	0	21	0	2	2	0	0	2	0	0	0	0
cell_783	2	0	0	5	0	0	2	8	2	0	0	12	0	6	0	0
cell_873	2	0	0	5	2	0	2	0	2	0	2	0	0	6	0	0
cell_603	0	5	0	5	0	0	0	3	0	0	0	0	0	0	0	0
cell_12	0	2	0	5	2	21	0	0	0	0	0	0	0	0	0	0
cell_1307	0	0	0	2	0	52	0	8	2	5	0	0	2	2	0	0
cell_1776	0	0	0	0	0	0	2	5	2	0	2	0	2	2	0	0
cell_1200	3	2	12	2	0	0	6	0	13	2	0	0	2	2	0	0
cell_1369	5	0	2	0	3	0	4	2	2	0	0	2	2	2	0	0
cell_1512	0	0	0	0	0	0	0	0	2	0	0	10	2	2	0	0
cell_418	28	2	0	5	0	2	0	0	2	0	29	0	0	0	0	0
cell_390	28	2	2	5	0	2	0	0	2	0	0	0	0	0	0	0
cell_122	0	2	0	5	0	21	0	2	0	0	0	0	0	0	0	0
cell_397	28	2	2	5	0	2	0	0	2	0	0	2	0	0	0	0
cell_1703	0	0	2	12	0	0	2	0	0	0	0	2	2	2	2	0
cell_1804	2	0	57	0	0	0	0	0	0	2	2	0	2	2	0	2
cell_761	0	0	0	5	0	0	0	2	19	2	0	0	2	0	4	0
cell_1932	2	11	0	14	0	0	0	0	0	2	0	2	2	2	0	0
cell_1518	0	5	0	0	4	2	0	0	2	0	0	0	2	2	2	0
cell_1792	0	0	0	0	2	0	2	5	0	0	2	0	2	2	0	2
cell_1052	0	0	0	0	0	0	0	0	2	0	0	0	2	2	19	2
cell_1872	2	3	57	0	2	2	2	0	0	4	0	0	2	2	3	2
cell_1171	3	0	12	0	3	0	0	0	0	0	0	0	2	2	5	21
cell_2043	2	0	0	0	0	2	3	0	2	0	0	0	2	2	2	0
cell_532	2	0	0	5	0	0	0	0	0	0	0	0	0	0	5	2
cell_22	0	2	0	5	2	21	0	0	0	0	2	0	0	0	0	0
cell_906	2	0	2	5	0	13	2	0	15	0	5	0	3	0	0	0
cell_342	28	2	0	5	0	2	0	0	2	0	0	0	0	12	0	0
cell_420	28	2	0	5	0	2	0	0	2	0	29	0	0	0	0	0
cell_1533	0	0	0	0	2	0	0	0	2	0	0	0	2	2	0	0
cell_354	28	2	0	5	0	2	0	0	2	0	0	0	0	0	2	0
cell_2042	2	0	0	0	0	0	3	0	2	0	2	0	2	2	2	0
cell_325	28	2	0	5	0	2	3	0	2	0	0	0	0	12	2	2
cell_1236	2	2	3	2	0	0	5	0	0	0	0	0	2	2	0	0
cell_2046	2	0	0	5	0	0	3	0	2	0	5	3	2	2	0	0
cell_392	28	2	2	5	0	2	0	0	2	0	0	0	0	0	0	2
cell_857	2	2	0	5	0	2	2	0	2	0	0	0	0	6	0	3
cell_1221	0	2	0	0	0	0	5	2	0	5	5	0	2	2	2	0
cell_577	0	0	0	5	0	3	0	0	0	2	0	0	0	0	0	2
cell_1631	0	0	0	0	0	0	2	0	0	2	0	11	2	2	0	5
cell_199	0	2	0	5	0	5	19	2	3	0	5	2	0	2	0	0
cell_2039	2	0	0	0	0	0	3	0	6	0	0	0	2	2	0	4
cell_946	0	0	0	5	0	0	2	0	15	0	0	2	0	0	0	0
cell_635	0	0	0	5	0	2	2	0	0	0	0	0	0	0	0	2
cell_942	0	0	0	5	0	38	2	0	15	10	0	2	0	0	0	0
cell_1692	0	0	0	0	0	0	2	0	0	0	0	0	2	2	2	0
cell_891	2	34	0	5	0	0	2	3	2	0	0	0	0	6	0	0
cell_31	0	2	0	5	2	21	0	0	0	0	2	2	0	0	0	0
cell_1854	2	0	57	2	0	2	0	0	0	2	2	0	2	2	0	2
cell_754	0	0	0	5	0	0	0	3	0	0	0	0	0	0	4	0
cell_1806	2	0	57	0	0	2	0	0	0	2	2	0	2	2	0	2
cell_300	28	2	0	5	0	2	0	0	0	5	2	3	2	21	0	0
cell_242	0	2	0	5	0	4	19	0	0	0	2	2	0	2	2	0
cell_836	2	0	0	5	2	0	2	2	2	2	0	0	0	6	0	0
cell_9	0	2	0	5	2	21	0	36	0	0	0	0	0	0	0	0
cell_696	7	4	0	5	0	12	0	0	2	0	0	3	0	2	0	0
cell_745	0	0	0	5	0	0	0	0	0	0	0	0	0	0	4	0
cell_1005	2	0	0	5	0	0	2	0	15	0	12	0	0	0	0	0
cell_1238	2	2	3	2	0	0	5	0	0	0	0	0	2	2	0	0
cell_1870	2	3	57	0	2	2	0	0	0	0	0	0	2	2	3	2
cell_246	0	2	0	5	0	4	19	0	0	0	0	2	0	2	2	0
cell_700	0	0	0	5	0	12	9	0	2	5	0	0	0	2	3	0
cell_1372	0	0	2	0	0	0	4	0	2	0	0	2	2	2	0	0
cell_1181	3	0	12	0	0	0	0	0	0	0	0	0	2	2	5	21
cell_1453	0	0	0	4	2	0	0	2	2	3	0	3	2	2	0	0
cell_245	0	2	0	5	0	4	19	0	0	0	0	2	0	2	2	0
cell_167	0	2	0	5	0	0	2	2	3	0	0	0	0	0	0	0
cell_287	28	2	0	5	2	2	0	0	0	0	10	0	0	0	0	2
cell_995	0	2	0	5	0	0	2	2	15	0	0	0	0	0	0	0
cell_2017	2	0	0	0	0	0	3	0	0	2	0	0	2	2	0	0
cell_1092	0	2	2	0	0	0	0	0	0	0	0	0	2	2	0	2
cell_943	0	0	0	5	0	38	2	0	15	10	0	2	0	0	0	0
cell_832	2	9	2	5	0	0	2	0	5	0	0	0	0	6	0	0
cell_1178	3	0	12	0	0	0	0	0	0	0	0	0	2	2	5	21
cell_1760	0	0	2	9	13	5	2	0	2	0	2	2	2	2	0	0
cell_1820	2	0	57	0	2	2	0	0	0	0	2	2	2	2	0	2
cell_881	2	0	3	5	0	8	2	3	2	0	0	0	0	6	0	0
cell_148	2	2	0	5	3	0	0	0	0	0	0	0	0	0	0	0
cell_313	28	2	0	5	0	2	0	0	0	0	0	0	0	2	0	0
cell_716	0	0	0	5	0	0	0	0	0	0	0	0	0	0	4	0
cell_1180	3	0	12	0	0	0	0	0	0	0	0	0	2	2	5	21
cell_1989	2	0	3	0	0	2	3	0	0	0	0	0	2	2	0	0
cell_820	2	9	2	5	2	3	2	0	0	2	0	0	0	6	0	0
cell_1862	2	3	57	0	2	0	2	0	0	0	0	0	2	2	0	2
cell_927	0	0	0	5	0	0	2	0	15	0	0	40	0	0	0	4
cell_1783	0	0	0	0	0	2	2	0	0	0	2	2	2	2	0	2
cell_1490	0	2	0	3	0	0	0	0	2	2	0	5	2	2	0	0
cell_1084	0	0	0	0	0	0	0	0	0	0	0	0	2	2	19	2
cell_219	0	2	0	5	0	0	19	2	0	0	5	2	0	2	0	0
cell_1411	0	0	0	0	0	0	0	2	2	0	0	0	2	2	2	0
cell_687	0	0	0	5	2	0	0	0	2	0	0	0	0	2	2	0
cell_1167	0	0	12	0	0	0	0	0	0	0	0	0	2	2	0	21
cell_68	0	2	5	5	2	21	0	2	64	0	0	0	0	2	0	2
cell_1793	2	0	57	0	0	0	2	0	0	0	2	0	2	2	0	2
cell_1192	3	0	12	0	0	0	4	0	0	2	0	0	2	2	0	0
cell_1927	2	0	0	0	0	0	0	2	0	2	0	4	2	2	0	5
cell_617	2	0	0	5	0	2	2	0	4	0	0	0	2	0	0	0
cell_480	28	2	0	5	4	2	0	0	2	0	0	2	0	0	0	0
cell_2025	2	0	0	0	4	0	3	0	0	0	2	2	2	2	0	0
cell_1694	0	0	0	0	0	0	2	0	0	0	0	0	2	2	2	0
cell_798	2	0	0	5	0	0	2	8	2	0	2	0	3	6	2	0
cell_825	2	9	2	5	0	2	2	0	0	0	0	0	0	6	0	0
cell_1420	0	0	0	0	0	0	0	2	2	0	0	0	2	2	2	2
cell_181	0	2	5	5	0	0	2	0	4	0	0	0	0	0	2	0
cell_1864	2	3	57	0	2	0	2	0	0	0	0	0	2	2	0	2
cell_1460	0	0	2	0	0	0	0	2	2	0	0	0	2	2	0	0
cell_72	0	2	5	5	2	21	0	2	0	0	0	0	0	2	0	2
cell_100	0	2	0	5	0	21	0	2	0	0	0	0	0	0	2	0
cell_1785	0	0	0	0	0	0	2	0	0	0	2	0	2	2	0	2
cell_417	28	2	0	5	0	2	0	0	2	0	29	0	0	0	0	0
cell_1410	0	0	0	0	0	2	0	2	2	0	0	0	2	2	2	0
cell_1551	2	0	0	0	0	0	2	0	0	0	0	2	2	2	0	0
cell_17	0	2	0	5	2	21	0	0	2	0	0	0	0	3	0	0
cell_574	2	0	0	5	0	0	0	0	0	5	0	0	0	0	5	0
cell_351	28	2	0	5	0	2	0	0	2	3	2	0	0	12	0	0
cell_856	2	0	0	5	0	0	2	0	2	0	0	0	0	6	0	0
cell_1436	0	0	0	0	9	0	14	2	2	0	2	0	2	2	3	0
cell_222	0	2	4	5	0	0	19	2	0	0	5	2	0	2	0	0
cell_488	28	2	2	5	0	2	0	0	2	0	0	0	0	0	2	0
cell_136	2	2	0	5	4	0	0	0	0	0	5	0	0	0	0	0
cell_318	28	2	0	5	24	2	0	21	0	0	0	0	2	0	0	0
cell_297	28	2	0	5	0	2	0	0	0	5	2	3	2	21	0	0
cell_1961	2	0	0	0	0	0	0	0	0	0	5	2	2	2	0	5
cell_555	0	0	0	5	0	0	0	0	0	0	0	2	0	0	5	2
cell_112	0	2	0	5	0	21	0	2	0	0	0	2	0	0	2	0
cell_925	0	0	0	5	0	0	2	0	15	0	0	40	0	0	0	4
cell_20	0	2	0	5	2	21	0	0	2	0	0	0	0	0	0	0
cell_1601	0	0	0	0	0	0	2	0	0	0	4	11	2	2	0	0
cell_973	0	6	0	5	0	3	2	0	15	5	0	0	0	0	0	0
cell_60	4	2	0	5	2	21	0	49	0	0	0	0	2	0	0	0
cell_1280	0	2	2	0	0	2	5	4	0	2	0	0	2	2	0	0
cell_1593	0	0	0	5	21	0	2	0	2	0	0	0	2	2	0	0
cell_1558	2	0	0	0	5	0	2	0	0	2	0	0	2	2	0	0
cell_81	0	2	0	5	0	21	0	2	0	0	0	0	0	0	0	0
cell_395	28	2	2	5	2	2	0	0	2	0	0	2	3	0	0	0
cell_252	0	2	0	5	0	0	19	0	0	0	0	2	0	2	0	0
cell_1573	0	0	0	0	0	0	2	0	0	0	0	0	2	2	0	0
cell_453	28	2	0	5	4	2	2	0	2	0	0	0	2	0	0	0
cell_363	28	2	0	5	0	2	0	0	2	0	2	0	5	0	2	0
cell_633	0	0	0	5	0	2	2	0	2	0	0	0	0	0	0	2
cell_1508	0	0	0	0	0	0	0	0	2	8	0	10	2	2	0	0
cell_1265	0	2	2	0	0	0	5	4	0	0	0	0	2	2	0	0
cell_835	2	0	0	5	2	0	2	2	2	2	0	0	0	6	0	0
cell_233	2	2	0	5	0	0	19	0	0	0	0	2	0	2	0	0
cell_1228	0	2	2	0	0	0	5	2	3	5	0	0	2	2	0	0
cell_1094	0	2	0	0	0	0	0	0	0	0	0	0	2	2	0	2
cell_1751	0	0	0	0	0	5	2	0	2	0	2	2	2	2	0	0
cell_1209	3	0	12	0	14	0	0	0	0	0	0	0	2	2	0	0
cell_231	0	2	0	5	0	23	19	0	0	0	0	2	5	2	2	0
cell_375	28	2	0	5	0	2	2	0	2	0	4	0	0	0	2	0
cell_1918	2	0	57	0	2	0	2	0	0	5	0	0	2	2	0	2
cell_1888	2	0	57	0	0	0	0	0	0	0	0	0	2	2	0	2
cell_957	2	0	0	5	0	2	2	2	15	0	0	2	0	0	0	0
cell_572	0	0	5	5	0	120	0	0	0	0	0	0	0	0	5	0
cell_341	28	2	0	5	0	2	0	0	2	0	0	0	0	12	0	0
cell_2010	2	0	0	0	0	0	3	0	0	0	2	0	2	2	2	2
cell_1818	2	0	57	0	0	2	0	0	0	0	2	2	2	2	0	2
cell_1087	0	0	0	0	0	0	0	0	0	4	0	0	2	2	19	2
cell_1489	0	2	0	3	0	0	0	0	2	2	0	5	2	2	0	0
cell_886	2	0	0	5	0	8	2	3	2	0	0	0	0	6	0	0
cell_14	0	2	0	5	2	21	0	0	0	0	0	0	0	2	0	2
cell_987	0	0	0	5	0	3	2	2	15	0	0	0	4	0	0	0
cell_537	2	0	0	5	0	2	2	0	0	0	0	0	0	0	5	0
cell_328	28	2	0	5	0	2	3	0	2	0	0	0	0	12	2	2
cell_1976	2	21	0	0	5	5	0	0	0	0	0	4	2	2	0	2
cell_1013	0	0	0	5	0	0	2	0	15	0	0	0	0	0	5	0
cell_583	0	0	0	5	15	3	0	0	0	17	0	0	0	0	0	2
cell_162	0	2	0	5	2	0	2	2	0	0	0	0	2	0	0	0
cell_1008	2	0	0	5	0	0	2	0	15	0	12	0	0	0	0	0
cell_1499	0	2	0	0	0	0	0	0	2	2	0	0	2	2	0	0
cell_243	0	2	0	5	0	4	19	0	0	0	2	2	0	2	2	0
cell_1434	0	0	0	0	9	2	14	2	2	0	2	0	2	2	3	2
cell_257	28	2	3	5	2	2	0	0	3	0	13	2	0	0	4	0
cell_1935	2	0	0	14	0	0	0	0	2	2	0	0	2	2	2	0
cell_1446	0	0	0	4	0	0	0	2	2	2	0	3	2	2	0	0
cell_1239	2	2	3	2	0	0	5	2	3	0	0	0	2	2	0	0
cell_1594	0	0	0	5	21	0	2	0	2	0	0	0	2	2	0	0
cell_525	2	0	2	5	0	0	0	0	0	0	0	0	0	2	5	0
cell_95	0	2	0	5	7	21	0	2	2	0	0	9	0	2	0	0
cell_1185	3	0	12	0	0	0	0	3	0	2	0	0	2	2	0	0
cell_1439	0	0	0	0	9	2	14	2	2	0	2	2	2	2	3	0
cell_85	0	2	0	5	2	21	0	2	0	0	0	0	0	0	0	2
cell_454	28	2	0	5	4	2	2	0	2	0	0	0	2	0	0	0
cell_74	0	2	0	5	0	21	0	2	0	0	0	0	0	0	0	0
cell_1802	2	0	57	0	0	0	0	0	0	2	2	0	2	2	0	2
cell_1638	0	6	0	2	0	0	2	0	0	2	2	0	2	2	0	0
cell_442	28	2	0	5	0	2	0	0	2	0	0	2	0	0	5	0
cell_1639	0	6	0	0	0	0	2	0	0	0	2	0	2	2	0	0
cell_1362	0	0	2	0	0	4	0	0	2	0	0	2	2	2	0	0
cell_1871	2	3	57	0	2	2	2	0	0	4	0	0	2	2	3	2
cell_543	2	0	0	5	0	2	2	0	0	0	2	0	2	0	5	0
cell_564	0	0	0	5	0	3	0	0	0	10	0	0	2	0	5	0
cell_19	0	2	0	5	2	21	0	0	2	0	0	0	0	0	0	0
cell_501	28	2	2	5	0	2	0	0	2	0	0	0	0	0	0	0
cell_1997	2	0	0	0	0	0	3	0	0	0	0	0	2	2	0	0
cell_1252	0	2	2	0	0	0	5	0	0	0	0	0	2	2	0	0
cell_2015	2	0	2	0	0	0	3	0	0	2	0	0	2	2	2	2
cell_986	0	0	0	5	0	3	2	2	15	0	0	0	4	0	0	0
cell_720	0	0	0	5	3	0	0	0	2	0	0	0	0	0	4	0
cell_2034	2	5	0	0	2	0	3	0	6	0	0	0	2	2	0	0
cell_177	0	2	0	5	0	0	2	0	0	0	0	0	0	0	0	0
cell_128	0	2	0	5	2	21	5	2	0	5	0	0	0	0	0	0
cell_691	0	0	0	5	0	12	0	0	2	0	0	0	0	2	0	0
cell_356	28	2	0	5	0	2	0	0	2	0	0	0	0	0	2	0
cell_1600	0	2	5	5	21	0	2	0	0	0	2	0	2	2	0	0
cell_156	2	2	0	5	3	0	0	0	8	0	0	0	0	0	0	0
cell_250	0	2	0	5	0	0	19	0	0	0	5	2	0	2	0	0
cell_708	0	0	0	5	0	0	0	0	0	0	0	0	0	0	4	0
cell_48	0	2	0	5	2	21	0	0	2	8	0	0	2	2	0	0
cell_1770	0	0	0	0	0	0	2	5	2	0	2	0	2	2	0	0
cell_295	28	2	0	5	0	2	2	2	0	5	2	0	0	0	0	0
cell_440	28	2	0	5	0	2	0	0	2	0	0	0	108	0	0	0
cell_1500	0	2	0	0	0	0	0	0	2	2	0	0	2	2	0	0
cell_1051	0	0	0	0	0	0	0	0	2	0	0	0	2	2	19	2
cell_714	0	0	0	5	5	0	0	0	0	0	0	0	0	0	4	0
cell_1237	2	2	3	2	0	0	5	0	0	0	0	0	2	2	0	0
cell_1041	2	0	0	0	0	0	0	5	2	0	0	0	2	2	19	2
cell_1380	0	0	2	3	0	0	0	0	2	0	2	2	2	2	0	0
cell_225	0	2	0	5	0	0	19	0	0	0	0	2	5	2	0	0
cell_1570	0	0	0	0	2	0	2	0	0	0	0	0	2	2	0	0
cell_646	0	0	0	5	0	0	8	0	2	0	0	12	0	2	0	0
cell_1732	0	0	0	0	0	0	2	0	0	2	2	2	2	2	0	0
cell_1293	0	0	0	2	2	0	0	0	2	0	0	0	2	2	0	0
cell_1744	0	0	0	3	0	0	2	0	0	0	2	2	2	2	0	0
cell_1618	0	0	0	0	0	0	2	0	0	0	0	11	2	2	2	5
cell_548	0	0	0	5	0	0	0	0	2	0	0	2	0	0	5	2
cell_528	2	0	0	5	0	0	0	0	0	0	0	0	0	0	5	0
cell_1543	2	0	0	0	0	0	2	0	0	0	0	2	2	2	0	0
cell_1526	0	0	2	0	0	0	0	0	2	0	0	0	2	2	0	0
cell_885	2	0	0	5	0	8	2	3	2	0	0	0	0	6	0	0
cell_824	2	9	0	5	0	3	2	0	0	2	0	0	0	6	2	0
cell_1657	0	0	2	5	4	0	2	0	0	0	2	0	2	2	2	3
cell_571	0	0	5	5	0	120	0	0	0	0	0	0	0	0	5	0
cell_758	0	0	0	5	0	0	0	0	0	0	0	0	0	0	4	0
cell_1616	0	0	0	0	0	0	2	0	0	0	4	11	2	2	0	0
cell_1930	2	0	0	14	2	0	0	0	0	2	0	0	2	2	0	0
cell_601	0	5	0	5	0	0	0	3	0	0	0	0	0	0	0	0
cell_1722	0	0	0	0	0	0	2	0	3	0	0	2	2	2	2	0
cell_415	28	2	2	5	2	2	0	2	2	0	2	2	0	7	0	0
cell_111	0	2	0	5	0	21	0	2	0	0	0	2	0	0	2	0
cell_98	0	2	0	5	7	21	0	2	0	0	0	0	2	0	2	0
cell_2041	2	0	0	0	0	0	3	0	2	0	2	0	2	2	2	0
cell_688	0	0	0	5	2	0	0	0	2	0	0	0	0	2	2	0
cell_1650	5	0	2	0	0	0	2	0	0	0	2	0	2	2	0	2
cell_2048	2	0	0	5	0	0	3	0	2	0	0	3	2	2	0	0
cell_1422	2	0	0	5	0	0	0	2	2	0	2	0	2	2	2	0
cell_1118	2	2	0	0	0	0	0	0	0	0	0	12	2	2	0	2
cell_1748	0	0	2	0	5	5	2	0	2	2	2	2	2	2	5	0
cell_1479	0	0	0	0	5	0	0	0	2	2	0	0	2	2	2	0
cell_1822	2	0	57	0	0	0	0	0	0	0	2	2	2	2	0	2
cell_1698	3	0	0	12	0	0	2	0	0	0	0	2	2	2	2	0
cell_244	0	2	0	5	0	4	19	0	0	0	2	2	0	2	2	0
cell_1910	2	0	57	0	0	0	0	0	0	0	0	0	2	2	0	2
cell_1758	0	0	2	9	13	5	2	0	2	0	2	2	2	2	0	0
cell_1970	2	21	0	0	5	5	0	0	3	0	0	4	2	2	0	0
cell_632	0	0	0	5	0	2	2	0	0	0	0	0	0	0	0	0
cell_673	0	0	0	5	0	4	0	0	2	0	0	0	2	2	2	0
cell_1025	0	0	0	0	2	0	0	0	2	0	2	0	2	2	19	2
cell_1787	0	0	5	0	0	0	2	0	0	0	2	0	2	2	0	2
cell_905	2	0	2	5	0	13	2	0	15	0	5	0	3	0	0	0
cell_1844	2	0	57	0	0	0	0	0	0	2	2	0	2	2	0	2
cell_1273	0	2	2	0	0	2	5	4	0	2	0	0	2	2	0	0
cell_1534	0	0	0	0	2	0	0	0	2	0	0	0	2	2	0	0
cell_251	0	2	0	5	0	0	19	0	0	0	0	2	0	2	0	0
cell_1078	0	0	0	0	0	0	0	0	0	0	0	5	2	2	19	2
cell_734	0	0	0	5	0	0	0	0	0	0	0	0	0	0	4	0
cell_1249	0	2	2	0	0	0	5	0	0	11	0	0	2	2	0	0
cell_747	0	0	0	5	0	0	0	0	0	0	0	0	0	0	4	0
cell_447	28	2	0	5	0	2	0	0	2	0	5	0	0	0	5	0
cell_1028	0	0	0	0	2	0	0	0	2	0	2	0	2	2	19	2
cell_685	0	0	0	5	0	0	0	0	2	0	0	0	0	2	2	0
cell_109	0	2	0	5	0	21	0	2	0	0	0	2	0	0	2	0
cell_1417	0	0	0	0	18	0	0	2	2	0	0	0	2	2	2	2
cell_163	0	2	0	5	2	0	2	2	0	3	0	0	0	0	0	0
cell_1550	2	0	0	0	0	0	2	30	0	0	0	2	2	2	0	0
cell_399	28	2	2	5	0	2	2	0	2	0	0	2	0	0	0	0
cell_1695	0	0	0	0	0	2	2	0	2	0	0	0	2	2	2	0
cell_546	0	0	0	5	0	0	0	0	0	0	0	2	0	0	5	2
cell_1395	0	0	2	0	0	0	0	0	2	0	2	2	2	2	0	0
cell_590	0	40	0	5	0	3	0	0	0	3	0	7	2	0	0	2
cell_1975	2	21	0	0	5	5	0	0	0	0	0	4	2	2	0	2
cell_1514	0	0	0	0	0	0	0	0	2	0	0	0	2	2	0	0
cell_1738	0	0	0	0	0	0	2	2	0	0	2	2	2	2	0	0
cell_1956	2	0	0	0	0	0	2	0	0	0	0	0	2	2	0	0
cell_1183	3	0	12	0	0	0	0	0	0	0	0	0	2	2	5	21
cell_1136	0	0	0	0	10	0	2	2	0	5	0	0	2	2	0	2
cell_247	0	2	0	5	0	4	19	0	0	0	0	2	0	2	2	0
cell_3	0	2	0	5	2	21	0	0	0	0	0	0	0	2	0	0
cell_320	28	2	0	5	24	2	0	21	0	0	0	0	0	0	0	0
cell_228	0	2	0	5	0	0	19	0	0	6	0	2	5	2	0	0
cell_369	28	2	0	5	0	2	0	0	2	0	2	0	0	0	2	0
cell_50	4	2	0	5	2	21	0	0	5	2	2	0	2	0	0	0
cell_436	28	2	0	5	0	2	0	0	2	0	0	0	0	0	0	0
cell_751	0	0	0	5	2	0	0	0	10	0	0	0	0	0	4	0
cell_249	0	2	0	5	0	0	19	0	0	0	5	2	0	2	0	0
cell_255	0	2	0	5	0	0	19	0	0	5	0	2	0	2	0	0
cell_718	0	0	0	5	0	0	4	0	2	0	0	0	0	0	4	0
cell_170	0	2	0	5	0	0	2	0	3	0	0	0	21	0	0	0
cell_659	0	0	0	5	0	0	2	4	2	0	0	0	0	2	0	0
cell_115	0	2	0	5	0	21	2	2	0	5	0	0	0	0	0	0
cell_432	28	2	0	5	0	2	0	0	2	0	29	0	0	0	0	0
cell_656	0	0	0	5	0	0	0	0	2	2	0	0	4	2	0	0
cell_1561	2	0	0	0	0	0	2	0	20	0	0	0	2	2	0	0
cell_1069	0	0	0	0	0	0	0	0	3	0	0	2	2	2	19	2
cell_1898	2	0	57	0	0	2	0	0	2	0	12	0	2	2	0	2
cell_110	0	2	0	5	0	21	0	2	0	0	0	2	0	0	2	0
cell_1777	0	0	0	0	0	2	2	0	2	0	2	0	2	2	0	2
cell_1056	0	0	0	0	0	12	0	0	2	0	0	0	2	2	19	2
cell_1348	10	0	2	0	0	2	0	0	2	0	0	2	2	2	0	0
cell_953	2	2	0	5	0	2	2	0	15	0	0	2	0	0	0	0
cell_955	2	2	0	5	0	2	2	0	15	0	0	2	0	0	0	0
cell_913	0	0	0	5	5	3	2	0	15	0	0	0	0	0	0	0
cell_1132	0	0	0	0	10	0	2	0	0	5	0	0	2	2	0	2
cell_481	28	2	2	5	0	2	0	0	2	0	0	0	0	0	0	0
cell_1329	0	0	0	0	0	0	0	0	2	3	0	2	2	2	0	2
cell_69	0	2	5	5	2	21	0	2	0	2	0	0	0	2	0	2
cell_611	2	0	0	5	0	2	2	0	0	0	0	0	0	0	0	0
cell_1559	2	0	0	0	5	0	2	0	0	0	0	0	2	2	0	0
cell_1886	2	0	57	0	0	0	0	0	0	0	0	0	2	2	0	2
cell_911	2	0	0	5	0	13	2	0	15	20	5	0	3	0	0	0
cell_1163	0	0	12	0	0	0	0	0	0	64	0	0	2	2	0	21
cell_1919	2	0	57	0	2	0	2	0	0	5	0	0	2	2	0	2
cell_640	0	0	8	5	2	2	2	0	29	0	0	0	0	0	0	2
cell_1114	0	2	0	0	0	0	0	0	2	0	0	0	2	2	0	2
cell_1678	0	0	0	0	0	2	2	2	0	3	0	0	2	2	0	0
cell_1271	0	2	2	0	0	6	5	4	0	0	0	0	2	2	0	0
cell_621	2	0	0	5	0	2	2	0	0	0	0	3	2	2	0	0
cell_1208	3	0	12	0	0	0	0	0	0	0	0	0	2	2	0	0
cell_1819	2	0	57	0	2	2	0	0	0	0	2	2	2	2	0	2
cell_1832	2	0	57	0	0	0	0	0	0	2	2	0	2	2	0	2
cell_612	2	0	0	5	0	2	2	0	0	0	0	0	0	0	0	0
cell_1987	2	0	3	0	0	0	3	0	0	0	0	0	2	2	0	0
cell_703	0	0	0	5	0	12	0	0	2	5	0	0	0	2	0	0
cell_787	2	0	0	5	0	0	2	8	0	0	2	0	0	6	2	0
cell_239	0	2	0	5	0	0	19	0	0	0	49	2	0	2	0	0
cell_1925	2	0	0	0	0	0	0	2	0	2	0	3	2	2	0	5
cell_1496	0	2	0	0	0	0	0	0	2	2	0	0	2	2	0	4
cell_1009	0	0	0	5	0	0	2	10	15	0	0	0	0	0	0	0
cell_1516	0	0	0	0	0	0	0	0	2	0	0	0	2	2	2	0
cell_1043	0	0	0	0	0	0	0	5	2	0	0	0	2	2	19	2
cell_663	0	0	0	5	0	0	2	4	2	0	0	0	0	2	0	0
cell_90	0	2	5	5	0	21	0	2	2	0	0	2	0	0	0	0
cell_1549	2	0	0	0	0	0	2	30	0	0	0	2	2	2	0	0
cell_961	3	0	0	5	0	3	2	0	15	5	0	0	0	0	0	0
cell_99	0	2	0	5	0	21	0	2	0	0	0	0	0	0	2	0
cell_71	0	2	5	5	2	21	0	2	0	0	0	0	0	2	0	2
cell_21	0	2	0	5	2	21	0	0	0	0	2	0	0	0	0	0
cell_273	28	2	0	5	2	2	0	0	0	0	0	0	0	0	5	2
cell_652	0	0	2	5	0	0	0	0	2	2	0	0	0	2	0	0
cell_154	2	2	0	5	3	0	0	0	2	0	0	0	0	0	0	0
cell_314	28	2	0	5	0	2	0	0	0	0	0	0	0	2	0	0
cell_445	28	2	0	5	0	2	0	0	2	0	0	0	0	0	5	0
cell_272	28	2	3	5	2	2	2	0	0	0	0	2	0	0	0	0
cell_1974	2	21	0	0	5	5	0	0	0	0	0	4	2	2	0	2
cell_120	0	2	0	5	5	21	0	2	0	0	0	2	0	6	0	0
cell_1481	0	0	0	0	0	0	2	0	2	2	0	0	2	2	5	0
cell_629	0	0	0	5	0	2	2	0	0	0	0	0	0	0	0	0
cell_960	2	0	0	5	0	2	2	2	15	0	0	2	2	0	0	0
cell_1336	0	0	0	0	0	0	0	0	2	0	0	2	2	2	0	0
cell_1359	10	0	2	0	0	0	0	0	2	2	3	2	2	2	0	19
cell_232	0	2	0	5	0	23	19	0	0	0	0	2	5	2	2	0
cell_1086	0	0	0	0	0	0	0	0	0	4	0	0	2	2	19	2
cell_474	28	2	0	5	4	2	0	0	2	0	0	0	0	0	0	0
cell_1164	0	0	12	0	0	0	0	0	0	64	0	0	2	2	0	21
cell_844	2	0	0	5	2	0	2	0	2	2	0	0	0	6	0	0
cell_1454	0	0	0	4	2	0	0	2	2	3	0	3	2	2	0	0
cell_901	0	3	0	5	0	2	2	0	15	0	0	0	3	0	0	0
cell_1845	2	0	57	0	0	2	0	0	0	2	2	0	2	2	0	2
cell_1875	2	0	57	0	0	0	0	0	0	0	0	0	2	2	0	2
cell_1743	0	0	0	3	0	0	2	0	0	0	2	2	2	2	0	0
cell_959	2	0	0	5	0	2	2	2	15	0	0	2	2	0	0	0
cell_1839	2	0	57	0	0	0	0	0	0	2	2	0	2	2	0	2
cell_500	28	2	2	5	0	2	0	0	2	0	0	8	0	0	0	0
cell_2002	2	2	0	0	0	0	3	0	0	0	15	0	2	2	0	0
cell_753	0	0	0	5	0	0	0	3	0	0	0	0	0	0	4	0
cell_220	0	2	0	5	0	0	19	2	0	0	5	2	0	2	0	0
cell_157	2	2	0	5	3	0	0	0	0	0	0	0	5	0	0	0
cell_1713	0	0	0	0	0	0	2	0	3	52	3	2	2	2	2	0
cell_264	28	2	3	5	2	2	0	0	3	0	13	0	0	0	0	2
cell_1731	0	0	0	0	0	0	2	0	0	2	2	2	2	2	0	0
cell_1246	2	2	3	0	0	0	5	3	0	0	0	0	2	2	0	0
cell_1575	0	0	0	0	4	0	2	0	0	0	0	2	2	2	0	0
cell_631	0	0	0	5	0	2	2	0	0	0	0	0	0	0	0	0
cell_238	0	2	0	5	0	0	19	0	0	0	0	2	0	2	0	0
cell_1757	0	0	2	9	13	5	2	0	2	0	2	2	2	2	0	0
cell_746	0	0	0	5	0	0	0	0	0	0	0	0	0	0	4	0
cell_1288	0	0	0	2	0	0	3	0	2	0	2	0	2	2	4	0
cell_721	0	0	2	5	0	0	0	0	0	0	0	0	0	0	4	0
cell_808	2	9	0	5	0	0	2	0	0	2	0	0	0	6	2	5
cell_260	28	2	3	5	2	2	0	0	3	0	13	2	0	0	4	0
cell_843	2	0	0	5	2	0	2	0	2	2	0	0	0	6	0	0
cell_1636	0	6	0	3	0	0	2	0	0	0	2	0	2	2	0	3
cell_1026	0	0	0	0	2	0	0	0	2	0	2	0	2	2	19	2
cell_1724	0	0	2	0	0	0	2	0	3	0	0	2	2	2	2	0
cell_1122	0	5	0	0	10	0	0	0	2	5	2	0	2	2	0	2
cell_491	28	2	2	5	0	2	0	0	2	0	0	0	0	0	0	0
cell_1153	0	0	12	2	3	0	0	0	0	0	0	0	2	2	0	21
cell_189	0	2	0	5	0	0	2	0	0	0	0	0	0	0	0	0
cell_204	2	2	0	5	0	5	19	2	3	2	5	2	0	2	0	2
cell_504	28	2	2	5	0	2	0	0	2	0	0	0	5	0	0	0
cell_853	2	0	2	5	0	0	2	0	2	0	0	0	0	6	0	0
cell_49	4	2	0	5	2	21	0	0	5	2	2	0	2	0	0	0
cell_922	0	0	0	5	0	0	2	0	15	0	0	40	0	0	0	0
cell_1824	2	0	57	0	0	0	0	0	0	0	2	2	2	2	0	2
cell_1263	2	2	2	0	30	3	5	0	0	0	0	0	2	2	0	0
cell_180	0	2	0	5	0	0	2	0	3	0	0	0	0	0	0	0
cell_270	28	2	3	5	2	2	2	0	0	0	0	2	0	0	0	0
cell_1908	2	0	57	0	0	0	0	0	0	0	0	0	2	2	0	2
cell_1914	2	0	57	0	0	0	0	0	0	0	0	0	2	2	0	2
cell_465	28	2	0	5	4	2	0	0	2	0	0	0	0	0	2	0
cell_984	0	4	0	5	0	3	2	0	15	0	0	0	0	0	0	0
cell_1761	0	0	0	0	6	0	2	5	2	0	2	2	2	2	0	0
cell_1633	0	6	0	3	0	0	2	0	0	0	2	0	2	2	2	0
cell_28	0	2	0	5	2	21	0	0	0	2	0	0	0	0	2	0
cell_401	28	2	2	5	0	2	0	0	2	0	0	0	0	0	0	0
cell_719	0	0	0	5	3	0	0	0	2	0	0	0	0	0	4	0
cell_119	0	2	0	5	5	21	0	2	0	0	0	2	0	6	0	0
cell_333	28	2	0	5	0	2	0	0	2	0	0	0	0	12	4	2
cell_1080	11	0	0	0	0	2	0	0	0	0	0	5	2	2	19	2
cell_1129	0	0	0	0	10	0	2	3	0	5	0	0	2	2	0	2
cell_211	0	2	0	5	0	0	19	2	0	4	5	2	0	2	0	0
cell_291	28	2	0	5	0	2	2	0	0	5	2	0	0	0	0	0
cell_126	0	2	0	5	0	21	0	2	0	5	0	0	0	0	0	0
cell_1916	2	0	57	0	0	0	0	0	0	0	0	0	2	2	2	2
cell_1308	0	0	0	2	0	52	0	8	2	5	0	0	2	2	0	0
cell_2001	2	2	0	0	0	0	3	0	0	0	15	0	2	2	0	0
cell_895	2	0	0	5	0	0	2	3	2	0	0	0	0	6	0	0
cell_1841	2	0	57	0	2	8	0	0	0	2	2	5	2	2	0	2
cell_1706	0	0	0	12	0	0	2	0	0	0	0	2	2	2	2	0
cell_1093	0	2	0	0	0	0	0	0	0	0	0	0	2	2	0	2
cell_1341	0	0	0	0	0	0	0	3	2	0	0	0	2	2	0	0
cell_1452	2	0	0	4	2	0	0	2	2	0	0	3	2	2	0	0
cell_253	0	2	0	5	0	0	19	0	0	0	0	2	0	2	0	0
cell_464	28	2	0	5	4	2	0	0	2	0	0	0	12	0	0	0
cell_582	0	0	2	5	0	3	0	0	0	0	0	0	0	0	0	2
cell_1849	2	0	57	2	0	0	0	0	0	2	2	0	2	2	0	2
cell_1262	2	2	2	0	0	0	5	0	0	0	0	0	2	2	0	0
cell_1990	2	0	3	0	0	2	3	0	0	0	0	0	2	2	0	0
cell_692	0	0	0	5	0	12	0	0	2	0	0	0	0	2	0	0
cell_349	28	2	0	5	0	2	3	0	2	3	0	0	0	12	0	0
cell_1435	0	0	0	0	9	0	14	2	2	0	2	0	2	2	3	0
cell_429	28	2	0	5	0	2	0	0	2	0	29	0	0	0	0	0
cell_42	0	2	0	5	2	21	0	0	0	0	0	4	2	2	0	0
cell_1140	0	0	0	0	0	0	0	0	0	5	0	0	2	2	0	2
cell_1250	0	2	2	0	0	0	5	0	0	11	0	0	2	2	0	0
cell_1907	2	0	57	0	0	0	0	0	0	0	0	0	2	2	0	2
cell_190	0	2	0	5	0	0	2	0	0	0	0	0	0	0	0	0
cell_949	0	0	0	5	0	0	2	0	15	0	0	2	0	0	0	0
cell_1065	2	0	0	0	0	0	0	0	0	0	0	2	2	2	19	2
cell_1588	0	0	11	0	0	0	2	0	0	0	0	0	2	2	2	0
cell_1652	0	0	2	0	0	0	2	0	0	0	2	0	2	2	0	2
cell_1113	0	2	0	0	0	0	0	0	2	0	0	0	2	2	0	2
cell_2005	2	0	0	0	0	0	3	0	0	0	0	0	2	2	0	0
cell_267	28	2	3	5	2	2	2	5	0	0	0	2	0	0	0	0
cell_196	0	2	0	5	0	5	19	2	3	0	5	2	0	2	0	0
cell_569	2	0	0	5	0	4	0	0	0	0	0	0	0	0	5	0
cell_338	28	2	0	5	0	2	0	0	2	0	0	0	0	12	0	0
cell_421	28	2	2	5	0	2	0	0	2	0	29	0	0	0	0	0
cell_1985	2	0	3	0	0	0	3	0	0	0	0	0	2	2	0	0
cell_1759	0	0	2	9	13	5	2	0	2	0	2	2	2	2	0	0
cell_425	28	2	0	5	0	2	0	0	2	0	29	0	0	0	0	0
cell_137	2	2	0	5	4	0	0	5	0	0	5	0	0	5	0	0
cell_1868	2	3	57	2	2	0	0	0	0	0	0	0	2	2	3	2
cell_1004	2	0	0	5	0	0	2	0	15	0	12	0	0	3	0	0
cell_165	0	2	0	5	0	0	2	2	0	0	0	0	0	0	0	0
cell_1215	3	0	12	0	14	0	0	0	0	0	0	0	2	2	0	0
cell_1765	0	0	0	5	0	0	2	5	2	0	2	2	2	2	5	0
cell_485	28	2	2	5	0	2	0	0	2	0	2	0	0	0	0	0
cell_1592	0	0	11	0	0	2	2	0	0	0	0	0	2	2	0	0
cell_875	2	0	0	5	2	0	2	0	2	0	0	0	0	6	0	0
cell_1540	2	0	0	0	0	0	2	0	0	0	0	0	2	2	0	0
cell_810	2	9	0	5	0	0	2	0	0	2	0	0	0	6	2	5
cell_811	2	9	0	5	0	4	2	2	0	2	0	0	0	6	2	5
cell_1311	0	0	0	2	2	26	0	8	2	0	0	0	2	2	0	0
cell_600	0	5	0	5	0	2	0	0	0	0	0	0	0	0	0	0
cell_319	28	2	0	5	24	2	0	21	0	0	0	0	0	0	0	0
cell_1653	8	0	0	0	0	0	2	0	3	0	2	0	2	2	0	2
cell_1179	3	0	12	0	0	0	0	0	0	0	0	0	2	2	5	21
cell_1195	3	0	12	0	0	0	6	0	0	2	0	0	2	2	0	0
